Voltage,Current
1771,741
565,527
622,795
1035,1335
1598,1843
1985,2023
1988,1808
1570,1243
1014,743
602,539
578,733
941,1244
1522,1815
1970,2011
2007,1841
1650,1336
1080,789
636,516
531,695
906,1188
1463,1727
1936,2031
2029,1885
1719,1426
1196,838
672,540
570,647
852,1104
1387,1682
1843,1978
2015,1920
1772,1481
1222,907
709,555
535,615
794,1067
1338,1636
1849,1996
2042,1971
1812,1539
1273,984
752,553
527,590
794,947
1261,1555
1791,1954
2030,1974
1855,1597
1350,1039
791,598
536,568
687,907
1199,1499
1731,1963
2043,2009
1962,1677
1434,1120
890,637
537,535
627,855
1104,1431
1677,1897
2026,2017
1936,1712
1492,1176
905,686
575,513
613,795
1021,1330
1604,1854
2004,2036
1987,1778
1571,1249
1000,733
598,525
591,744
985,1268
1550,1792
1966,2042
2007,1883
1638,1374
1066,769
652,570
561,688
910,1197
1488,1751
1936,2037
2018,1902
1698,1377
1130,830
665,535
554,650
877,1129
1416,1701
1883,2015
2040,1914
1772,1459
1207,876
700,544
517,635
804,1070
1340,1634
1857,1985
2051,1923
1805,1516
1266,959
714,576
542,584
758,987
1281,1583
1836,1984
2041,1938
1840,1575
1338,1033
798,597
537,566
691,934
1204,1507
1739,1942
2033,2010
1902,1637
1403,1088
856,614
558,553
657,864
1154,1452
1701,1905
2023,2014
1936,1722
1505,1176
917,705
588,520
630,829
1057,1358
1612,1821
1996,2035
1966,1777
1570,1221
978,714
596,519
594,757
989,1284
1554,1806
1980,2059
1993,1820
1612,1305
1061,776
618,527
578,700
930,1231
1512,1766
1944,2021
2020,1871
1720,1372
1112,804
653,526
580,671
870,1153
1435,1699
1909,2035
2036,1907
1741,1436
1183,877
713,554
535,620
783,1065
1369,1651
1868,2011
2059,1949
1789,1511
1254,961
751,568
540,544
770,1016
1269,1582
1857,1943
2053,1977
1846,1556
1317,1007
790,594
536,581
713,933
1216,1528
1763,1955
2044,1997
1886,1669
1401,1076
909,622
539,544
648,887
1168,1463
1712,1908
1993,2021
1922,1717
1482,1126
883,649
556,568
635,825
1081,1406
1627,1868
2001,2030
1955,1743
1534,1216
970,696
587,530
599,780
1024,1310
1610,1824
1978,2038
1989,1813
1588,1276
1040,752
640,534
571,724
965,1227
1524,1764
1970,2027
2014,1841
1650,1333
1072,799
635,535
563,667
883,1154
1459,1729
1894,2025
2036,1921
1719,1426
1171,869
687,542
557,648
829,1107
1373,1652
1849,2010
2040,1940
1783,1469
1222,918
739,562
533,605
766,1022
1292,1609
1834,1991
2042,1979
1836,1568
1318,984
774,595
485,583
717,939
1243,1532
1787,1972
2036,1987
1874,1644
1364,1013
822,593
541,549
680,907
1194,1472
1720,1919
2027,2034
1912,1672
1440,1117
883,648
624,535
644,851
1120,1430
1687,1897
2014,2028
1936,1761
1522,1172
948,684
561,519
619,788
1000,1314
1603,1849
1981,2038
2007,1789
1568,1267
1018,746
633,518
587,732
974,1260
1527,1773
1965,2034
2006,1777
1676,1348
1100,787
646,565
579,700
933,1168
1466,1734
1934,2038
2041,1905
1702,1400
1147,872
661,562
557,648
848,1109
1392,1682
1903,2006
2035,1897
1750,1472
1222,903
711,629
560,628
775,1074
1337,1623
1872,1997
2041,1964
1809,1556
1278,980
753,580
532,595
740,984
1239,1538
1796,1969
2046,1996
1867,1618
1349,1033
817,592
561,555
709,922
1191,1486
1746,1925
2033,2010
1908,1675
1434,1090
852,636
552,543
654,842
1114,1421
1676,1893
2014,2022
1944,1733
1492,1167
926,684
553,522
596,795
1039,1371
1638,1879
2000,2032
1973,1742
1561,1246
987,726
583,514
589,730
974,1281
1555,1811
1973,2028
2000,1832
1617,1305
1052,768
635,522
574,702
909,1194
1476,1755
1944,2008
2022,1881
1688,1404
1130,851
661,570
555,673
917,1137
1420,1665
1899,2009
2039,1912
1752,1473
1177,874
722,543
531,617
804,1015
1338,1635
1838,2005
2053,1955
1791,1519
1264,942
748,542
535,597
742,1003
1291,1582
1805,1970
2042,1983
1833,1597
1338,1024
801,596
531,544
698,926
1197,1530
1748,1945
2033,1997
1900,1656
1411,1087
832,611
539,539
661,877
1130,1455
1723,1917
2036,2035
1940,1729
1468,1156
922,667
591,520
634,827
1075,1376
1627,1871
2001,2029
1978,1750
1539,1193
957,705
595,500
593,758
1000,1291
1572,1844
1992,1985
1994,1839
1598,1301
1030,753
614,568
581,763
947,1244
1520,1766
1949,2023
2044,1867
1669,1333
1086,800
639,518
550,674
886,1160
1442,1707
1911,2018
2028,1914
1718,1417
1175,845
689,544
539,633
847,1091
1373,1660
1892,1999
2032,1941
1781,1507
1259,945
685,563
527,621
766,1019
1351,1584
1838,1982
2049,1967
1830,1629
1318,1009
791,596
531,574
715,941
1244,1541
1783,1959
2050,1994
1867,1634
1414,1064
839,621
531,619
596,895
1166,1443
1709,1936
2019,2012
1923,1684
1457,1109
878,658
543,528
635,827
1057,1374
1672,1881
2020,2030
1945,1767
1600,1209
947,700
583,537
622,770
1022,1327
1599,1838
1985,2043
2017,1832
1599,1263
1025,741
601,525
583,734
952,1276
1533,1776
1953,2034
2002,1846
1638,1326
1100,803
619,506
549,674
902,1181
1469,1743
1951,2021
2026,1894
1714,1420
1163,847
661,520
549,637
842,1112
1392,1664
1897,2012
2027,1927
1756,1477
1204,917
724,577
540,608
774,1026
1331,1618
1844,2008
2044,1963
1846,1546
1301,985
765,579
518,597
739,921
1248,1540
1782,1964
2043,1996
1867,1634
1382,1029
793,611
557,575
687,903
1197,1452
1747,1974
2040,2011
1912,1674
1438,1107
909,623
557,544
660,860
1124,1383
1684,1890
2013,1972
1939,1743
1519,1167
930,684
580,521
614,806
1047,1325
1609,1815
2005,2027
1970,1776
1562,1247
978,707
648,523
587,731
987,1307
1554,1800
1974,2037
1976,1840
1650,1350
1072,756
625,522
552,712
908,1194
1424,1746
1937,2035
2015,1878
1694,1395
1131,830
666,527
540,648
841,1112
1444,1689
1909,2023
2022,1925
1765,1486
1213,907
704,546
535,636
794,1056
1322,1616
1851,1997
2054,1945
1804,1541
1274,954
753,569
557,573
794,1003
1267,1567
1820,1988
2018,1976
1845,1587
1340,1022
791,605
529,573
724,936
1212,1504
1741,1938
2039,2007
1916,1665
1426,1030
836,631
558,525
651,868
1105,1428
1677,1905
2025,2023
1929,1734
1479,1165
924,673
573,527
630,828
1076,1369
1636,1878
2006,2025
1966,1768
1551,1235
1000,708
583,518
594,761
995,1289
1572,1836
1965,2037
1988,1824
1615,1297
1052,765
620,506
569,700
919,1220
1506,1777
1957,2021
2030,1869
1705,1372
1118,812
653,491
557,680
895,1107
1391,1708
1916,2011
1971,1934
1733,1369
1166,864
692,543
543,624
814,1086
1353,1638
1870,2003
2058,1944
1783,1510
1252,937
735,547
510,611
777,1046
1290,1584
1798,1983
2043,1980
1840,1580
1307,1000
778,600
536,576
709,958
1217,1519
1739,1945
2031,2000
1895,1635
1396,1072
819,637
539,540
664,882
1156,1461
1729,1917
2030,2024
1929,1694
1450,1148
884,642
565,504
654,828
1078,1374
1644,1866
1997,2049
1962,1755
1526,1181
968,707
589,523
605,761
1002,1325
1600,1841
1989,2171
2015,1750
1599,1305
1036,763
595,519
576,744
974,1242
1483,1765
1955,2038
2010,1904
1650,1452
1089,791
641,481
591,680
905,1143
1407,1732
1890,2027
2049,1909
1720,1424
1169,867
669,542
516,648
835,1111
1387,1661
1879,2011
2038,1936
1781,1513
1222,915
716,581
560,608
752,1065
1316,1597
1827,1991
2048,1956
1828,1547
1307,1005
793,585
534,594
722,985
1250,1536
1781,1950
2018,1994
1872,1623
1388,1049
804,620
556,556
677,897
1164,1451
1710,1914
2025,2014
1910,1695
1420,1132
887,648
565,536
658,804
1052,1464
1689,1896
2030,1985
1947,1734
1514,1177
948,662
575,555
696,783
1039,1345
1606,1847
1988,2022
1968,1781
1576,1249
1002,723
604,532
587,726
974,1258
1534,1808
1962,2035
2014,1857
1642,1322
1057,779
635,524
505,700
936,1198
1493,1764
1936,2030
2023,1889
1693,1408
1144,833
665,531
549,652
841,1098
1400,1704
1884,2017
2033,1892
1748,1482
1206,903
712,573
517,622
818,1072
1347,1625
1866,1995
2040,1956
1809,1536
1288,983
748,574
563,591
741,987
1269,1548
1797,1952
2040,1978
1877,1599
1345,1037
815,594
537,563
687,907
1207,1479
1748,1943
2026,2023
1910,1675
1429,1095
870,712
555,517
649,872
1126,1439
1680,1901
1996,2005
1944,1729
1482,1155
906,684
576,530
617,770
1051,1336
1617,1873
2005,2029
1977,1765
1560,1245
1012,714
602,526
553,754
979,1285
1563,1802
1970,2027
1994,1834
1634,1292
1042,766
609,521
576,729
867,1214
1486,1727
1945,2034
1996,1871
1679,1383
1132,830
659,544
550,650
870,1150
1428,1684
1901,2023
2040,1891
1751,1467
1216,873
674,555
556,627
805,1061
1338,1649
1871,1993
2000,1944
1782,1499
1249,932
739,568
530,598
729,995
1309,1595
1835,1997
2025,1972
1854,1582
1323,1010
796,594
531,638
738,945
1209,1509
1768,1951
1983,2002
1897,1630
1374,1078
846,570
532,550
665,874
1139,1452
1717,1918
2023,2012
1939,1712
1475,1159
909,671
578,523
635,830
1100,1371
1604,1870
2020,2025
1962,1815
1551,1202
956,707
591,526
603,757
1013,1322
1567,1816
1995,2018
1988,1747
1596,1282
1037,766
613,522
570,711
952,1241
1509,1772
1950,2042
2005,1881
1676,1369
1126,802
626,529
552,674
880,1149
1431,1686
1914,2019
2038,1914
1727,1432
1176,884
692,544
540,639
820,1110
1397,1654
1823,2013
2040,1945
1782,1506
1250,916
709,554
525,614
776,1038
1311,1604
1827,1998
2042,2001
1847,1573
1310,991
778,606
541,579
691,960
1245,1511
1805,1961
2041,2009
1870,1628
1399,1078
859,623
552,632
687,916
1170,1468
1723,1922
2029,2010
1924,1693
1494,1119
885,659
557,535
644,825
1085,1396
1650,1879
2014,2011
1949,1751
1524,1210
951,734
574,522
610,786
1035,1332
1604,1828
1987,2041
2010,1811
1571,1271
1039,727
604,524
583,737
974,1260
1521,1786
1967,2037
2005,1821
1648,1331
1078,821
638,519
549,671
893,1223
1480,1802
1936,2046
2033,1894
1710,1400
1150,852
678,521
543,654
820,1119
1399,1682
1909,2001
2030,1935
1740,1476
1218,907
644,550
531,607
789,1042
1313,1600
1860,1998
2041,1958
1803,1544
1300,967
732,580
533,441
737,988
1250,1543
1791,1949
2057,1995
1872,1634
1340,1024
808,615
537,583
701,885
1182,1477
1717,1920
2024,1995
1911,1665
1440,1107
895,645
570,547
644,842
1115,1384
1675,1867
2010,2028
1934,1740
1514,1184
924,675
572,538
630,793
1088,1335
1635,1848
1996,2049
1979,1764
1561,1266
1000,783
594,500
596,740
970,1289
1570,1781
1970,2038
2007,1821
1635,1322
1098,791
631,537
565,686
896,1211
1469,1730
1926,2012
2038,1879
1722,1386
1118,822
651,526
535,627
844,1123
1392,1697
1892,2010
2023,1872
1743,1452
1208,882
696,535
528,650
792,1063
1336,1646
1863,1974
2031,1927
1821,1530
1257,932
732,567
531,577
739,980
1261,1545
1784,1971
2031,1945
1844,1582
1330,1018
792,585
541,566
691,931
1213,1511
1743,1945
2027,1993
1884,1644
1395,1078
823,615
531,521
659,872
1170,1429
1688,1898
2007,2008
1921,1770
1438,1152
896,649
573,519
612,804
1055,1374
1649,1863
1996,2016
1960,1771
1532,1269
956,723
578,500
596,757
979,1288
1569,1815
1988,2081
1936,1818
1635,1271
1026,718
591,501
568,694
870,1203
1486,1769
1923,2016
2007,1854
1650,1348
1071,817
639,521
533,661
881,1147
1435,1699
1901,2024
1994,1899
1732,1429
1156,876
687,537
536,619
790,1064
1344,1652
1845,2003
2020,1930
1775,1521
1260,921
725,566
521,582
774,1011
1283,1581
1799,1967
2027,1966
1831,1562
1298,1022
765,565
528,570
699,912
1217,1516
1743,1929
2023,1978
1869,1658
1362,1043
831,612
531,544
669,870
1139,1459
1718,1896
2016,2010
1895,1709
1455,1115
891,659
556,532
620,830
1079,1347
1639,1866
1999,2008
1962,1736
1506,1185
934,727
557,515
597,765
987,1344
1570,1828
1973,1993
1975,1771
1588,1271
1021,752
611,510
572,721
939,1237
1513,1763
1949,2023
2003,1853
1653,1332
1076,785
646,517
539,665
878,1174
1446,1723
1883,2023
2003,1882
1691,1437
1156,833
661,518
531,632
844,1115
1376,1672
1872,2025
2019,1927
1771,1470
1214,881
708,549
524,607
744,1025
1291,1590
1819,2011
2058,1975
1832,1519
1283,967
755,571
519,518
713,959
1243,1545
1788,1944
2038,2006
1870,1605
1344,1036
818,603
514,542
676,905
1178,1479
1719,1923
2022,1997
1874,1604
1416,1099
856,657
518,530
613,853
1091,1396
1675,1893
2013,2007
1926,1727
1490,1232
989,687
568,513
609,798
1037,1344
1604,1839
1977,2023
1973,1789
1556,1232
989,718
586,516
589,724
956,1247
1531,1768
1957,2023
1994,1853
1627,1327
1057,747
620,549
569,680
921,1193
1481,1743
1914,2012
2010,1872
1695,1378
1140,819
640,527
554,657
846,1087
1399,1671
1913,2002
2014,1902
1731,1438
1187,884
713,538
526,618
780,1039
1374,1627
1845,1962
2043,1948
1803,1522
1248,962
761,577
518,582
742,963
1259,1555
1790,1971
2028,1980
1854,1595
1324,1006
784,587
523,578
678,911
1176,1480
1734,1935
2028,1989
1893,1660
1416,1008
791,630
543,535
654,895
1123,1417
1676,1888
2001,2008
1940,1696
1482,1109
895,650
557,491
609,804
1074,1367
1648,1854
1999,2031
1954,1739
1518,1207
970,700
578,517
588,757
1007,1292
1578,1819
1966,2025
1962,1815
1640,1292
1056,744
615,518
569,710
909,1210
1494,1735
1973,2012
2017,1847
1655,1371
1091,817
643,508
543,690
865,1139
1431,1711
1892,2010
2046,1888
1731,1430
1182,872
670,532
533,613
802,1124
1344,1639
1850,2010
2031,1944
1780,1492
1249,908
724,563
520,590
757,992
1236,1549
1814,1966
2040,1967
1834,1566
1330,985
822,582
530,556
713,952
1208,1488
1743,1943
2029,2084
1885,1649
1367,1061
841,616
531,530
656,848
1142,1438
1699,1902
2023,2010
1916,1712
1452,1059
895,657
553,520
623,829
1052,1374
1648,1867
1981,2002
1962,1759
1522,1211
969,708
570,540
599,753
995,1286
1558,1821
1976,2033
1982,1796
1591,1275
1070,728
605,513
585,640
931,1252
1546,1780
1945,2027
2001,1854
1623,1375
1163,802
620,514
563,670
874,1207
1431,1725
1964,2028
2038,1892
1701,1411
1147,845
663,520
539,634
806,1074
1355,1638
1868,2019
2028,1919
1779,1495
1238,896
717,556
524,605
763,1037
1311,1595
1844,1976
2040,1961
1836,1556
1284,955
774,582
508,537
716,939
1243,1516
1754,1956
2026,1977
1880,1609
1364,1075
804,605
534,540
665,897
1156,1452
1678,1920
2020,1999
1914,1678
1446,1117
861,628
542,543
635,822
1069,1386
1650,1866
2010,2027
1966,1742
1500,1176
909,691
578,517
591,817
1005,1331
1615,1856
1985,2021
1966,1779
1574,1288
1013,740
589,528
578,748
960,1250
1529,1765
1937,2023
2004,1854
1624,1318
1078,780
629,532
557,700
937,1179
1447,1740
1921,2019
2020,1892
1703,1404
1121,883
670,530
510,642
809,1101
1386,1669
1883,1986
2023,1918
1753,1549
1196,882
728,530
516,622
794,1020
1333,1606
1831,1990
2038,1948
1835,1497
1272,959
750,568
531,562
765,923
1261,1552
1806,1945
2036,1957
1848,1601
1359,1048
797,628
510,545
677,906
1166,1481
1729,1922
2025,1995
1895,1648
1421,1163
868,643
530,522
653,886
1057,1378
1710,1896
1971,1997
1936,1721
1497,1174
920,753
560,517
614,798
1048,1334
1611,1873
1987,2024
1970,1742
1548,1218
987,713
583,517
557,754
987,1250
1539,1815
1975,2036
1988,1834
1682,1298
1043,765
612,515
574,707
923,1222
1483,1753
1953,2029
2066,1871
1678,1349
1103,780
646,518
549,653
836,1134
1410,1680
1886,2027
2002,1956
1731,1451
1179,882
687,532
522,604
801,1075
1316,1633
1866,1995
2042,1940
1784,1523
1266,943
713,527
532,584
761,993
1265,1551
1783,1922
2024,1943
1820,1577
1325,1001
783,581
529,581
702,924
1208,1418
1754,1957
2040,1995
1894,1634
1361,1087
849,649
534,549
648,869
1119,1432
1658,1937
2001,2012
1939,1686
1483,1135
896,671
578,528
605,800
1062,1346
1637,1867
2014,2072
1962,1753
1533,1215
952,694
582,509
604,765
1009,1297
1572,1821
1965,2010
1975,1802
1598,1258
1001,705
609,520
570,724
931,1218
1492,1777
1936,2023
1988,1841
1653,1347
1122,804
631,565
533,660
879,1164
1444,1711
1909,2006
2018,1893
1718,1426
1151,855
667,555
533,604
817,1099
1356,1647
1848,2005
2036,1894
1656,1477
1231,910
733,552
535,577
754,992
1280,1597
1822,1970
2044,1963
1832,1556
1312,961
782,574
529,570
741,952
1224,1523
1753,1953
2023,1991
1858,1613
1365,1035
819,607
537,539
652,898
1155,1451
1727,1883
2027,1997
1906,1672
1437,1104
876,670
556,474
597,841
1101,1369
1635,1906
1998,1993
1948,1730
1519,1168
921,686
557,508
589,796
1021,1300
1591,1830
1992,2038
1966,1777
1615,1259
1003,735
596,461
566,713
972,1253
1524,1768
1905,2025
2001,1852
1652,1322
1052,774
570,517
551,685
900,1145
1462,1725
1925,2019
2025,1879
1693,1387
1148,838
661,542
565,633
808,1088
1390,1636
1859,2003
2022,1924
1762,1429
1234,933
713,555
533,604
777,1027
1273,1590
1828,1971
2040,1961
1896,1528
1275,965
726,575
530,568
722,958
1261,1532
1805,1956
2030,1975
1866,1554
1352,1017
797,604
535,555
687,951
1182,1464
1726,1920
2043,2006
1903,1678
1450,1089
845,648
548,525
648,835
1098,1399
1671,1873
2009,2023
1933,1725
1490,1181
925,678
569,532
609,808
1050,1328
1617,1801
1962,2025
1973,1789
1570,1224
1039,710
581,542
586,740
966,1253
1561,1786
1962,2089
1976,1764
1624,1297
1054,774
618,508
508,676
891,1200
1470,1738
1918,1993
2014,1875
1692,1372
1127,840
659,538
540,648
845,1127
1409,1677
1903,2009
2027,1917
1729,1439
1178,877
672,534
558,616
771,1058
1338,1639
1855,1984
2042,1943
1792,1511
1279,948
751,566
514,585
761,1016
1265,1552
1801,1946
2042,1971
1867,1588
1289,1033
776,589
492,551
687,918
1182,1483
1734,1931
2019,1997
1884,1670
1403,1085
856,639
535,529
649,907
1116,1434
1685,1931
1984,2011
1929,1690
1470,1154
893,620
537,526
620,803
1032,1341
1612,1854
1996,2021
1938,1724
1540,1219
978,733
586,500
682,728
979,1270
1567,1815
1962,1999
1983,1824
1600,1297
1038,758
608,513
557,714
919,1203
1479,1734
1913,2025
2010,1890
1650,1346
1113,796
641,519
548,659
870,1139
1399,1712
1923,2010
2014,1895
1740,1452
1170,880
687,525
530,598
807,1078
1362,1639
1846,2034
2035,1938
1780,1508
1235,932
727,553
514,603
752,1001
1250,1599
1792,1954
2064,1961
1804,1589
1383,1000
778,589
527,549
704,887
1213,1505
1769,1972
2064,1972
1879,1633
1404,1084
818,637
540,538
661,863
1118,1439
1766,1897
2007,2013
1909,1691
1472,1129
893,647
555,519
623,808
1070,1401
1655,1867
2003,1969
1942,1722
1555,1202
952,693
570,537
604,803
1013,1296
1583,1824
1966,2032
1983,1785
1577,1258
1006,708
606,539
572,713
933,1235
1505,1775
1949,2037
2002,1840
1651,1304
1078,799
650,526
557,682
887,1176
1454,1713
1893,2011
2020,1935
1719,1419
1145,857
660,523
487,637
810,1093
1364,1651
1869,1948
2028,1923
1754,1454
1222,911
726,542
518,588
779,1035
1326,1596
1830,1989
2070,1961
1802,1556
1333,938
758,675
527,573
724,932
1229,1535
1740,1897
2026,2044
1866,1608
1363,1050
822,609
543,543
648,881
1169,1465
1716,1920
2021,2002
1910,1678
1437,1098
871,648
554,530
667,831
1105,1396
1677,1858
2010,2022
1944,1713
1492,1192
926,674
574,516
601,774
1026,1305
1561,1845
1971,2021
1983,1789
1566,1255
1007,729
595,514
580,736
970,1249
1518,1777
1949,2025
1957,1893
1663,1321
1052,765
601,518
548,686
878,1175
1457,1661
1910,2012
2009,1866
1695,1387
1132,813
661,467
520,622
846,1147
1407,1682
1877,2008
2014,1922
1740,1457
1208,887
693,538
552,596
774,1036
1309,1627
1836,1971
2027,1954
1781,1516
1259,920
751,555
532,575
731,981
1274,1562
1769,1974
2042,1981
1809,1578
1338,1031
795,603
522,564
687,920
1186,1494
1745,1925
2018,1997
1910,1625
1396,1070
849,631
543,520
646,855
1114,1413
1706,1905
2010,2018
1908,1701
1483,1161
916,671
560,502
617,796
1082,1341
1616,1821
1988,2026
1977,1774
1561,1218
969,714
596,513
570,746
987,1268
1544,1768
1970,2019
1986,1810
1601,1301
1046,757
598,507
559,705
922,1160
1486,1759
1944,2025
2014,1867
1679,1376
1130,812
649,528
537,650
846,1141
1416,1699
1900,2013
2030,1897
1727,1448
1182,870
685,544
530,622
790,1078
1340,1644
1862,1998
2034,1944
1788,1506
1234,933
738,562
530,611
767,1011
1283,1579
1806,1968
2040,1969
1838,1550
1312,993
769,586
518,561
716,911
1196,1500
1758,1951
2028,1970
1866,1634
1392,1072
836,662
532,495
695,881
1138,1447
1708,1906
2010,2016
1918,1684
1473,1115
884,635
541,470
620,811
1075,1352
1624,1685
1996,2021
1977,1749
1521,1195
974,700
578,517
587,751
1006,1294
1574,1828
1957,2024
1989,1808
1591,1291
1026,730
597,504
560,712
974,1220
1511,1764
1938,2014
2005,1845
1647,1331
1053,795
671,539
531,665
868,1177
1446,1721
1899,2006
2017,1893
1744,1418
1174,834
665,530
540,611
813,1085
1348,1637
1873,1997
2015,1937
1747,1457
1209,894
683,544
523,597
769,1018
1296,1560
1831,1972
2040,1954
1814,1547
1273,990
765,583
488,570
713,959
1234,1529
1780,1955
2018,1983
1874,1619
1351,1020
812,631
534,515
670,882
1156,1449
1716,1907
2020,1999
1905,1675
1440,1150
880,649
540,542
631,803
1096,1382
1650,1866
1999,2017
1927,1750
1525,1198
998,674
570,516
605,764
1012,1301
1584,1821
1987,2019
1996,1787
1563,1258
1005,713
570,495
584,728
942,1259
1526,1785
1927,2020
1992,1872
1644,1324
1075,791
625,512
550,694
904,1167
1446,1694
1898,2002
2010,1879
1692,1411
1161,865
662,535
529,642
818,1089
1375,1704
1851,1999
2017,1921
1763,1464
1212,887
713,552
543,602
782,1048
1288,1603
1822,1974
2029,1951
1817,1588
1269,957
731,596
531,581
716,960
1234,1530
1766,1961
2032,1971
1853,1611
1355,1032
796,607
534,544
679,908
1190,1490
1731,1922
2031,2002
1884,1657
1425,1089
844,640
548,534
642,872
1118,1406
1673,1886
2014,1989
1926,1702
1464,1156
919,723
566,511
609,783
1014,1348
1612,1907
1983,2027
1962,1689
1567,1234
973,718
581,504
583,749
956,1275
1544,1854
1965,2019
1993,1841
1611,1297
1045,751
611,516
561,697
894,1185
1454,1772
1927,2023
2010,1868
1653,1375
1122,828
652,518
543,684
841,1125
1416,1685
1893,2010
2018,1935
1753,1470
1177,855
683,536
531,605
790,1054
1262,1615
1837,1999
2036,1933
1783,1523
1268,945
739,567
509,580
731,993
1269,1561
1806,1959
2036,1972
1855,1582
1323,1011
768,581
555,547
713,932
1200,1499
1744,1928
2025,1986
1853,1634
1420,1063
823,632
530,530
643,855
1121,1414
1703,1902
2010,2025
1932,1764
1461,1141
919,667
556,523
627,802
1057,1348
1620,1867
2002,2026
1966,1738
1520,1210
948,676
578,514
555,757
985,1273
1529,1820
1988,2051
1985,1815
1603,1286
1037,753
634,506
571,705
977,1219
1500,1764
1940,2035
2018,1866
1676,1348
1097,806
638,525
557,658
871,1155
1442,1700
1901,2001
2020,1882
1716,1401
1156,853
687,481
531,620
826,1102
1370,1656
1871,1984
2023,1932
1773,1491
1240,904
706,555
557,603
775,1020
1260,1597
1812,1980
2037,1956
1820,1569
1311,985
777,583
523,565
690,934
1223,1541
1771,1946
2012,1931
1882,1629
1386,1075
831,631
527,521
669,868
1144,1447
1700,1905
2018,2011
1910,1669
1451,1116
881,642
578,521
624,817
1070,1348
1656,1963
1976,2006
1950,1781
1459,1203
948,695
571,552
602,741
1021,1305
1582,1779
1979,2029
1979,1832
1598,1241
1009,739
599,515
559,713
948,1178
1510,1750
1946,2031
2001,1806
1649,1335
1089,786
631,511
543,670
922,1174
1455,1714
1903,2022
2014,1866
1702,1414
1156,833
657,505
557,636
847,1100
1363,1452
1867,2031
2004,1918
1757,1454
1210,907
704,582
524,592
791,1022
1337,1612
1832,1976
2038,1974
1820,1539
1283,1001
761,580
531,580
726,947
1284,1530
1783,1953
2028,1971
1880,1592
1341,1029
801,607
484,544
665,907
1156,1448
1728,1871
2017,2004
1909,1681
1436,1115
877,642
555,530
648,838
1105,1399
1657,1881
2003,2006
1943,1722
1503,1164
905,665
573,518
612,782
1041,1324
1598,1863
2033,2009
1959,1764
1555,1232
994,671
585,525
575,717
982,1270
1544,1784
1952,2024
2011,1831
1630,1322
1064,763
615,526
574,688
874,1180
1471,1738
1922,2023
2007,1867
1700,1370
1078,819
648,579
531,642
854,1119
1414,1686
1882,2014
2027,1909
1756,1463
1204,894
700,544
529,620
806,1043
1313,1621
1837,1980
2036,1945
1806,1527
1260,933
735,570
498,573
754,965
1234,1541
1798,1940
2085,1940
1849,1517
1344,1037
810,597
526,564
697,902
1196,1485
1733,1957
2030,2002
1892,1699
1406,1067
877,623
549,529
645,842
1130,1417
1655,1905
2018,2014
1916,1699
1472,1141
900,665
557,505
610,830
1065,1350
1629,1858
2001,2056
1944,1768
1546,1220
982,692
576,588
594,751
983,1307
1561,1802
1931,2025
1983,1795
1598,1289
1018,756
600,506
561,700
930,1232
1500,1755
1936,2023
2033,1850
1671,1365
1106,816
635,543
578,649
858,1132
1417,1685
1903,2016
2032,1892
1724,1413
1158,866
693,530
526,622
794,1063
1353,1738
1890,1995
2029,1957
1783,1504
1275,825
731,543
514,599
756,1016
1289,1582
1821,1956
2036,1952
1864,1571
1308,969
764,578
543,556
700,937
1192,1506
1748,1935
2026,1986
1866,1618
1387,1061
818,609
535,540
657,881
1121,1451
1702,1908
2014,1994
1910,1690
1467,1140
875,649
529,522
617,817
1067,1365
1633,1858
1996,2023
1943,1750
1517,1202
953,684
575,508
576,753
997,1318
1587,1828
1977,2021
1979,1771
1588,1267
1022,756
612,517
572,737
954,1233
1526,1764
1949,2016
2001,1918
1649,1284
1028,793
634,519
553,667
870,1122
1423,1725
1910,1971
2014,1888
1736,1425
1159,847
682,524
533,639
818,1089
1340,1642
1858,1983
2032,1971
1763,1492
1234,893
713,548
505,596
763,1024
1308,1584
1818,1917
2033,1955
1831,1539
1287,976
714,573
522,565
716,968
1226,1536
1780,1948
2026,1982
1862,1600
1376,1063
813,606
536,552
667,886
1116,1478
1723,1908
2019,2014
1909,1660
1392,1054
865,638
543,523
633,826
1070,1409
1657,1888
2002,2019
1944,1734
1512,1180
953,702
574,504
607,773
1026,1335
1577,1841
1997,2029
1987,1775
1572,1241
1010,747
600,503
571,735
957,1242
1540,1789
1972,2029
1994,1830
1622,1309
1044,801
620,517
574,678
909,1180
1469,1730
1927,2023
2013,1879
1684,1369
1116,821
665,518
532,607
833,1106
1387,1660
1876,2004
2013,1922
1743,1464
1194,901
704,549
490,608
806,1061
1335,1626
1821,1986
2028,1966
1801,1528
1284,962
739,571
526,584
731,970
1249,1545
1792,1958
2035,1992
1843,1584
1338,997
779,596
531,544
687,873
1201,1480
1787,1932
2030,1987
1864,1656
1424,1076
857,622
531,531
641,843
1096,1411
1669,1910
2001,2022
1947,1703
1479,1150
918,671
565,565
607,772
1028,1328
1624,1844
1994,1979
1964,1766
1550,1232
983,623
597,524
596,785
984,1279
1548,1789
1958,2014
1989,1829
1623,1271
1026,752
618,504
558,696
905,1194
1474,1738
1892,2012
2014,1860
1667,1376
1119,744
713,523
542,647
878,1143
1423,1688
1885,2019
2032,1908
1728,1439
1200,861
677,551
529,633
800,1041
1338,1625
1844,2012
2036,1958
1770,1508
1257,928
732,552
522,578
722,978
1256,1568
1792,1971
2065,1988
1838,1588
1337,1011
792,576
519,528
758,920
1198,1495
1752,1951
1900,1999
1883,1617
1389,1059
820,615
537,536
661,865
1124,1426
1677,1878
2023,2016
1940,1696
1478,1140
897,709
581,568
602,846
1072,1382
1635,1858
1993,1995
1958,1767
1539,1205
955,697
561,535
588,754
1026,1289
1572,1784
1981,2027
1984,1832
1588,1271
1018,747
617,517
542,700
952,1228
1515,1761
1923,2014
1999,1867
1648,1362
1104,795
641,506
557,670
858,1147
1430,1699
1895,2006
1992,1892
1721,1411
1145,855
678,511
527,622
809,1043
1390,1649
1857,1998
2020,1907
1780,1483
1238,929
731,575
555,563
754,1010
1290,1571
1832,1987
2033,1966
1810,1544
1300,1007
770,578
530,565
715,952
1220,1515
1827,1956
2027,1990
1870,1600
1364,1023
823,615
535,543
676,907
1158,1456
1708,1902
2027,2009
1915,1665
1456,1114
869,636
540,521
635,842
1079,1369
1633,1867
2009,2021
1938,1712
1505,1181
939,637
572,514
596,793
1026,1322
1589,1838
1979,2023
1979,1789
1584,1271
1013,724
595,508
576,752
951,1241
1534,1769
1914,2023
1996,1837
1639,1330
1077,726
635,493
543,668
874,1181
1467,1729
1896,2017
2018,1813
1702,1398
1161,840
661,503
550,645
849,1127
1396,1669
1897,1998
2014,1897
1749,1466
1205,884
726,528
552,615
770,1040
1285,1635
1844,1991
2036,1954
1834,1535
1277,987
756,583
522,597
732,980
1267,1516
1783,1953
2015,1977
1863,1604
1338,1012
806,598
531,524
683,907
1144,1475
1721,1914
2033,2007
1905,1647
1401,1103
870,637
543,526
632,847
1106,1419
1656,1883
2032,2022
1923,1712
1500,1180
907,665
569,528
609,786
1000,1327
1602,1841
1991,2032
1962,1832
1566,1245
996,743
571,513
565,735
952,1271
1550,1789
1955,2023
1988,1881
1632,1318
1026,757
609,539
568,690
900,1189
1469,1732
1942,2032
2012,1879
1669,1364
1112,808
661,518
502,653
844,1124
1399,1761
1905,2010
2026,1880
1741,1439
1186,898
696,543
522,622
794,1081
1337,1618
1851,1996
2038,1947
1806,1526
1248,948
731,556
553,592
737,929
1257,1559
1792,1977
2040,1971
1840,1584
1325,1017
804,601
526,547
698,923
1200,1498
1739,1931
2027,2002
1898,1644
1426,1089
826,610
555,536
661,853
1105,1406
1669,1893
2010,2009
1921,1691
1480,1160
953,709
553,523
596,804
1065,1365
1642,1867
1975,2012
1958,1755
1531,1195
982,730
563,518
599,765
996,1256
1565,1816
1971,2020
2003,1696
1542,1271
1027,757
609,517
561,700
900,1221
1477,1742
1949,2002
2005,1845
1660,1365
1096,812
649,521
556,663
867,1153
1457,1699
1899,2004
2023,1904
1733,1403
1156,857
657,522
533,621
771,1062
1338,1612
1851,2001
2027,1929
1779,1489
1247,924
718,552
528,579
765,1027
1295,1579
1809,1982
2023,1965
1830,1571
1325,1011
755,581
479,594
698,964
1207,1515
1757,1933
2051,1986
1889,1636
1373,1063
835,645
549,534
656,868
1173,1447
1694,1899
2019,1990
1918,1697
1461,1128
888,648
549,518
593,823
1080,1386
1641,1874
1994,2037
1867,1719
1545,1193
942,726
571,517
575,764
1000,1330
1571,1801
1980,2043
1983,1789
1592,1271
1027,744
601,511
576,713
948,1240
1504,1778
1945,2016
2028,1885
1666,1322
1078,778
628,506
574,658
873,1147
1442,1710
1901,2049
2014,1884
1710,1414
1142,855
667,555
533,622
818,1094
1373,1674
1848,1997
2036,1919
1770,1496
1220,895
727,550
528,598
813,1011
1297,1599
1820,1980
2040,1945
1804,1549
1286,960
743,583
531,510
649,939
1260,1558
1788,1956
2061,1978
1863,1618
1371,1040
813,620
522,544
692,908
1166,1486
1726,1910
2023,2020
2039,1587
1531,1108
870,633
553,521
664,840
1095,1395
1678,1878
2015,2016
1940,1738
1493,1194
867,663
572,522
609,783
1044,1318
1592,1836
1978,2044
1978,1781
1560,1232
987,713
583,510
583,728
972,1250
1537,1789
1962,2027
1991,1846
1622,1313
1080,817
622,513
557,672
905,1156
1477,1738
1916,1994
2036,1892
1717,1385
1137,824
662,526
534,648
839,1103
1392,1665
1884,1991
2024,1897
1742,1452
1197,894
705,546
566,608
739,1040
1322,1630
1861,1996
2015,1949
1791,1529
1273,985
722,646
697,580
739,985
1260,1552
1807,1959
2040,1961
1854,1618
1334,1009
791,604
514,543
726,909
1179,1478
1747,1932
2014,1995
1896,1651
1416,1078
842,626
543,537
661,866
1130,1425
1682,1897
2019,2008
1936,1712
1470,1146
900,631
566,520
610,803
1042,1335
1598,1843
1992,2015
1966,1764
1533,1221
996,705
594,517
578,750
996,1307
1560,1811
1963,2021
1970,1818
1607,1284
1027,741
604,517
566,700
922,1215
1490,1759
1913,2009
1990,1854
1653,1344
1101,818
644,520
530,640
857,1152
1468,1711
1901,2005
2028,1901
1734,1428
1182,906
698,536
534,623
804,1100
1351,1608
1866,1995
2033,1945
1769,1499
1263,923
731,555
539,602
752,1024
1243,1560
1818,1978
2036,1971
1838,1575
1318,1024
771,589
520,572
723,934
1222,1510
1743,1944
2084,1963
1896,1634
1400,1000
810,613
523,543
652,874
1129,1420
1683,1896
2014,2012
1925,1669
1466,1159
856,670
548,524
617,815
1070,1396
1639,1854
1996,1945
1955,1780
1537,1215
974,697
579,508
598,765
999,1286
1575,1886
1928,2022
1972,1787
1551,1258
1013,740
598,508
572,666
867,1207
1521,1778
1947,2017
2026,1854
1656,1369
1078,804
641,522
557,675
875,1167
1435,1697
1873,1999
2019,1902
1702,1409
1152,838
661,530
531,589
852,1078
1360,1656
1876,2010
2027,1945
1755,1481
1231,947
731,550
531,595
765,1029
1312,1586
1814,1949
2044,1968
1822,1575
1286,955
753,574
530,566
714,945
1217,1542
1763,1958
2023,1983
1861,1617
1392,1038
820,608
598,536
691,907
1179,1518
1712,1922
2003,2005
1914,1677
1418,1126
857,622
539,526
643,851
1085,1387
1647,1879
2006,2042
1949,1724
1501,1176
880,675
569,530
596,757
1015,1345
1584,1839
1988,2047
1979,1794
1599,1257
1010,735
589,504
596,726
952,1253
1522,1785
1944,2008
2000,1841
1613,1318
1077,779
647,513
552,661
905,1144
1448,1742
1923,2031
2032,1867
1693,1399
1144,842
663,517
513,641
843,1115
1390,1678
1901,1997
2040,1923
1758,1455
1199,890
696,540
524,604
770,1041
1297,1593
1832,1983
2035,1960
1792,1527
1250,971
759,563
527,570
735,1008
1235,1531
1775,1956
2033,2003
1857,1595
1287,1026
826,596
537,554
661,935
1177,1477
1714,1918
2022,1991
1897,1644
1419,1084
857,628
521,534
644,846
1093,1417
1684,1901
2010,2008
1936,1730
1483,1168
921,710
565,511
614,789
1047,1339
1607,1845
1985,2022
1963,1752
1526,1223
974,739
596,519
583,752
970,1260
1531,1801
1957,2023
1978,1823
1618,1322
1060,766
615,513
565,689
910,1197
1509,1742
1910,2016
2025,1865
1694,1373
1105,817
644,509
537,648
844,1130
1364,1674
1895,2024
2012,1707
1724,1440
1189,870
686,570
520,614
814,1075
1348,1652
1849,1991
2036,1942
1788,1552
1225,920
712,569
528,586
752,1011
1276,1564
1792,1958
2049,2075
1811,1562
1326,1018
781,593
531,545
681,890
1209,1500
1756,1938
2023,1978
1913,1622
1368,1100
848,637
519,523
657,872
1116,1425
1687,1932
2018,2010
1927,1688
1457,1128
892,646
555,511
634,804
1024,1348
1616,1867
1991,2062
1949,1758
1536,1198
974,702
583,524
583,763
992,1275
1559,1811
1949,2033
1990,1821
1581,1271
1039,757
609,517
559,622
929,1198
1468,1748
1923,2024
2008,1857
1656,1346
1105,817
640,518
534,662
885,1156
1440,1700
1952,2022
2016,1898
1714,1406
1206,834
641,528
534,653
813,1085
1338,1637
1858,2016
2054,1941
1782,1508
1237,918
726,570
522,590
726,998
1289,1589
1814,1977
2035,1950
1828,1567
1308,1001
779,571
522,566
713,942
1235,1507
1754,1918
2006,1996
1875,1617
1373,1040
843,613
536,535
674,874
1133,1438
1699,1910
2014,2022
1914,1688
1446,1125
896,660
549,539
626,819
1078,1374
1619,1854
2024,2012
1949,1742
1522,1175
931,671
563,520
604,776
1013,1333
1584,1819
1988,2022
1970,1815
1570,1257
1010,736
600,519
535,734
972,1246
1524,1785
1972,2024
2018,1840
1655,1347
1085,782
634,509
555,675
865,1158
1460,1723
1902,2021
2031,1873
1693,1397
1150,827
654,531
529,656
819,1089
1383,1665
1876,1973
2029,1916
1765,1478
1234,908
735,546
533,606
771,1048
1327,1606
1828,2087
2035,1957
1804,1508
1295,970
757,579
506,573
714,954
1225,1531
1776,1977
2032,1979
1858,1591
1384,1039
818,600
530,584
692,881
1176,1443
1719,1915
2014,2000
1910,1683
1419,1100
869,705
543,532
640,843
1104,1396
1664,1887
2014,2010
1934,1683
1479,1177
926,673
570,517
591,795
1050,1432
1614,1839
1988,2044
1975,1779
1572,1234
1014,688
591,518
581,753
1013,1248
1509,1784
1924,1992
1994,1849
1648,1322
1054,744
614,505
583,678
891,1194
1480,1749
1939,2023
2007,1867
1696,1426
1132,815
660,522
543,648
845,1115
1410,1680
1883,2059
2035,1919
1771,1449
1191,894
678,539
531,603
778,1031
1309,1625
1859,1986
2042,1954
1799,1539
1283,935
742,562
499,574
743,999
1260,1561
1792,1949
2039,1981
1851,1594
1309,1027
785,587
489,551
695,918
1182,1478
1733,1946
2045,1992
1888,1668
1455,1086
856,635
530,532
648,860
1135,1419
1680,1903
1966,2009
1905,1694
1483,1161
891,663
558,534
614,799
1070,1342
1650,1847
1988,2056
1952,1772
1553,1219
976,718
581,517
505,730
972,1297
1565,1808
1991,2025
1988,1815
1618,1288
1009,743
669,523
570,702
905,1208
1487,1745
1928,2027
2001,1871
1660,1348
1114,784
650,521
540,550
865,1125
1414,1698
1896,2007
2018,1907
1733,1425
1166,912
687,534
525,621
805,1022
1309,1635
1850,2031
2029,1926
1804,1505
1226,917
722,555
583,583
756,1002
1276,1579
1820,1979
2033,1962
1812,1565
1312,997
783,594
526,578
686,941
1215,1531
1754,1948
1996,1990
1884,1645
1406,1054
826,595
539,508
655,854
1141,1422
1701,1879
2010,2023
1915,1678
1450,1127
897,650
557,474
604,806
1054,1382
1649,1867
2001,2008
1954,1753
1559,1207
966,700
568,541
598,746
1000,1284
1564,1815
1975,2038
1986,1754
1588,1263
1014,752
601,518
556,718
939,1245
1500,1786
1962,2027
2014,1841
1653,1271
1075,792
628,532
543,673
888,1171
1442,1717
1915,2025
2018,1888
1716,1399
1152,847
670,525
484,626
829,1087
1366,1661
1833,2003
2013,1920
1760,1481
1270,923
708,550
513,596
784,1051
1312,1603
1823,2017
2035,1968
1836,1539
1308,1006
757,633
526,596
734,944
1222,1521
1770,1938
2014,1952
1896,1602
1359,982
818,609
535,598
691,890
1156,1496
1735,1919
2010,2000
1908,1674
1457,1115
888,645
534,530
644,830
1087,1376
1661,1882
2003,2002
1948,1690
1486,1180
926,679
574,510
587,765
1012,1308
1597,1843
1984,2034
1948,1781
1585,1261
1000,726
596,520
583,735
970,1258
1515,1785
1961,2009
1981,1876
1702,1298
1022,769
619,496
548,674
896,1167
1476,1726
1864,2010
1975,1883
1691,1425
1139,840
661,521
535,635
874,1116
1390,1668
1896,1999
2040,1914
1747,1469
1212,885
692,541
553,611
774,1048
1301,1547
1832,1983
2045,1949
1779,1519
1268,955
755,546
536,596
739,959
1193,1550
1790,1966
2049,1973
1859,1595
1356,1039
778,611
350,547
674,900
1165,1483
1727,1908
2018,1997
1897,1641
1402,1096
831,639
538,529
644,842
1103,1424
1688,1895
2001,2003
1936,1704
1481,1159
916,693
563,509
591,804
1047,1344
1597,1849
1992,2029
1974,1776
1568,1228
979,705
592,517
587,738
976,1261
1542,1790
1973,1985
1988,1811
1619,1298
1043,763
611,510
585,718
933,1130
1492,1743
1934,2011
2010,1869
1639,1373
1128,804
639,524
543,650
855,1100
1412,1685
1879,2011
2032,1894
1727,1438
1166,871
687,543
515,647
791,1049
1339,1635
1849,1983
2038,1940
1789,1517
1261,947
730,555
533,544
739,985
1260,1576
1792,1961
2027,1980
1829,1565
1315,1005
804,591
522,550
700,933
1204,1494
1758,1935
2021,1982
1883,1624
1399,1076
840,625
552,543
656,872
1142,1416
1689,1898
2025,2016
1929,1708
1557,1136
913,649
557,528
609,813
1052,1349
1637,1863
1997,2049
1939,1753
1535,1195
958,696
574,545
587,770
1026,1297
1572,1842
1952,2025
1982,1787
1609,1286
1038,736
602,516
576,718
929,1228
1497,1753
1942,2023
1960,1845
1692,1331
1030,791
654,518
570,670
813,1160
1349,1704
1910,2011
2024,1902
1707,1426
1143,835
687,534
505,632
818,1090
1362,1648
1863,1960
2028,1929
1753,1478
1209,907
711,550
526,597
764,1001
1278,1577
1812,1986
2036,1944
1837,1554
1311,963
752,584
528,555
714,945
1235,1509
1763,1945
2031,1988
1868,1591
1363,1010
820,604
532,567
679,883
1152,1467
1700,1873
2014,1965
1906,1659
1422,1128
882,661
536,523
621,839
1098,1395
1657,1875
1999,1997
1931,1737
1518,1192
909,674
570,518
599,774
1013,1309
1583,1836
1982,2021
1974,1774
1572,1257
1010,736
585,517
583,719
946,1168
1533,1776
1948,2029
1993,1842
1651,1335
1086,803
624,516
557,657
896,1175
1444,1725
1911,1996
2014,1888
1676,1382
1131,831
687,531
532,640
826,1100
1376,1683
1883,2000
2033,1924
1722,1476
1216,895
713,538
555,591
838,1037
1312,1597
1849,1972
2016,1956
1814,1544
1274,954
698,591
520,602
732,965
1255,1542
1772,1959
2040,1974
1842,1595
1339,1026
802,595
531,551
672,907
1165,1499
1732,1923
2010,1996
1886,1661
1430,1104
891,630
542,527
689,840
1092,1413
1667,1888
1996,2009
1936,1699
1495,1165
922,674
573,493
622,790
1048,1349
1624,1795
2023,2018
1966,1765
1563,1233
988,725
596,508
592,776
1002,1279
1549,1789
1960,2009
1998,1829
1597,1284
1013,764
609,517
561,689
903,1173
1467,1755
1910,2006
2015,1867
1677,1383
1119,824
656,526
543,640
739,1117
1408,1681
1893,2018
2028,1961
1791,1463
1178,890
675,536
527,611
787,1044
1376,1623
1838,1995
2036,1925
1791,1518
1255,941
765,547
525,583
718,1007
1276,1571
1802,1964
2044,1965
1845,1538
1333,1018
776,594
531,552
702,922
1182,1466
1745,1929
2030,2013
1886,1644
1416,1012
851,627
561,508
661,830
1135,1438
1701,1893
1986,2001
1929,1699
1478,1138
908,660
555,544
601,821
1062,1374
1617,1866
1993,1945
1967,1746
1503,1202
952,702
575,516
594,778
1002,1281
1557,1821
1977,2012
1944,1815
1598,1276
1035,756
609,470
560,689
922,1219
1488,1736
1936,2034
2040,1858
1676,1335
1091,760
651,522
543,655
872,1142
1431,1652
1896,2009
2025,1904
1715,1434
1164,864
683,519
482,614
802,1081
1357,1639
1856,1983
2036,1954
1785,1504
1236,909
732,562
531,584
745,977
1269,1569
1805,1971
2028,1956
1823,1547
1282,987
771,609
557,563
703,915
1231,1548
1762,1946
2026,2034
1877,1623
1384,1080
843,593
534,521
609,885
1154,1429
1702,1907
2017,2009
1923,1686
1445,1121
872,648
605,521
635,821
1075,1374
1656,1876
1990,2017
1947,1714
1513,1191
948,700
607,509
592,769
1018,1312
1563,1826
1984,2013
1963,1797
1596,1245
1009,770
596,516
571,721
943,1221
1544,1765
1972,2018
2002,1849
1633,1324
1073,803
630,539
505,665
898,1167
1447,1710
1923,2014
2023,1883
1713,1418
1167,830
704,529
548,624
810,1085
1364,1660
1865,1998
2011,1936
1757,1477
1222,933
692,546
518,600
765,1014
1318,1607
1807,1987
2027,1956
1814,1506
1291,983
779,566
536,580
726,986
1232,1538
1776,1951
2028,1987
1875,1604
1353,1036
817,591
531,542
661,883
1153,1451
1719,1921
2030,2023
1909,1675
1438,1100
869,638
543,542
650,838
1113,1400
1663,1865
1996,2021
1927,1738
1516,1164
926,674
573,510
603,778
1021,1297
1578,1829
1981,2027
1979,1798
1572,1248
1001,733
594,513
571,735
968,1249
1541,1785
1949,2038
1997,1836
1632,1312
1069,761
611,519
565,692
904,1195
1474,1729
1913,2022
1978,1867
1682,1345
1118,828
641,539
505,641
832,1146
1405,1681
1857,1997
2023,1914
1744,1449
1208,900
693,539
532,611
789,1044
1323,1597
1832,1985
2014,1951
1789,1516
1255,941
735,543
453,585
723,983
1245,1519
1781,1959
2031,1972
1858,1582
1342,1048
796,596
526,566
696,933
1195,1493
1732,1924
2025,2005
1896,1659
1414,1101
812,640
548,534
646,863
1108,1425
1670,1904
2010,2010
1934,1712
1479,1155
946,670
561,506
726,808
1052,1348
1615,1870
1965,2031
1945,1765
1554,1223
960,702
568,516
583,743
974,1255
1561,1820
1953,2021
1963,1798
1596,1279
1039,752
609,520
559,700
917,1227
1500,1768
1948,2014
2025,1850
1669,1374
1123,791
661,518
570,658
861,1193
1369,1686
1888,2023
2027,1873
1715,1453
1209,868
667,540
530,626
799,1061
1356,1658
1864,1996
2034,1944
1781,1508
1253,902
703,564
524,598
750,1011
1310,1569
1805,1970
2019,1984
1843,1597
1333,992
781,584
517,555
717,924
1199,1516
1739,1966
2066,1990
1879,1644
1400,1076
843,615
532,526
654,894
1131,1441
1701,1909
2016,1976
1864,1712
1468,1134
885,648
557,476
644,821
1074,1380
1627,1862
1997,2014
1932,1737
1533,1211
947,694
585,518
596,753
1004,1309
1584,1809
1974,2025
1980,1781
1572,1271
1009,733
553,509
571,708
939,1198
1514,1764
1936,2020
2005,1867
1642,1328
1078,798
629,521
543,655
861,1142
1417,1724
1933,2009
2027,1884
1712,1426
1160,868
674,534
563,637
821,1072
1376,1656
1866,1990
2016,1971
1717,1516
1235,905
715,550
531,598
732,1011
1284,1571
1806,1993
2082,1960
1827,1547
1282,993
753,588
527,513
731,1007
1231,1511
1769,1958
2029,1985
1848,1619
1357,1043
804,596
535,548
670,903
1130,1464
1714,1901
2014,1997
1898,1659
1416,1091
862,634
538,518
636,831
1074,1395
1659,1876
1999,2015
1914,1729
1506,1195
953,697
576,532
609,787
1015,1387
1585,1823
1970,2025
1962,1763
1553,1247
1000,722
600,516
580,722
935,1234
1513,1764
1927,2029
1996,1854
1633,1322
1079,717
633,516
535,650
891,1172
1480,1712
1918,2035
2031,1878
1695,1374
1130,831
650,520
530,647
830,1112
1400,1660
1877,2012
2027,1906
1728,1473
1199,885
687,487
507,602
788,1057
1338,1619
1845,1987
2007,1946
1806,1530
1289,934
757,584
531,583
735,960
1248,1542
1768,1959
2027,1972
1857,1580
1344,1013
802,599
510,550
682,892
1196,1486
1757,1933
2031,2092
1999,1660
1423,1098
866,676
550,571
638,847
1109,1487
1702,1855
2013,2012
1942,1702
1479,1247
921,675
563,326
611,765
1000,1324
1606,1849
1997,2009
1957,1763
1551,1232
988,724
584,517
589,736
974,1274
1533,1798
1957,2023
1962,1835
1635,1294
1046,762
619,523
539,691
895,1187
1463,1732
1935,2010
2009,1858
1692,1370
1129,860
711,497
553,645
875,1139
1429,1707
1882,2018
2026,1978
1748,1451
1192,866
675,535
531,614
818,1063
1332,1618
1840,1984
2033,1926
1780,1505
1256,912
684,570
504,576
732,984
1278,1573
1863,1986
2035,1965
1856,1584
1311,1035
791,581
529,534
683,926
1198,1545
1740,1933
2025,2016
1888,1634
1390,1052
834,625
568,524
639,856
1124,1331
1695,1912
1999,2014
1916,1703
1460,1141
936,684
569,519
635,808
1057,1374
1610,1853
1994,2015
1955,1652
1546,1135
922,693
581,509
602,761
986,1283
1554,1799
1989,2028
1981,1775
1591,1273
1027,781
607,514
559,713
943,1224
1508,1764
1941,2030
2009,1881
1689,1363
1103,769
628,521
543,655
870,1143
1430,1701
1909,2009
1998,1890
1734,1408
1163,860
683,543
519,614
801,1141
1366,1642
1864,2008
2010,1923
1757,1490
1255,987
731,544
539,596
768,1015
1284,1558
1812,1971
2035,1973
1838,1542
1293,976
752,581
529,533
721,933
1217,1507
1786,1945
2010,1997
1884,1625
1376,1061
828,620
526,529
674,884
1156,1444
1726,1931
2025,2011
1926,1698
1442,1112
878,622
543,521
622,802
1103,1405
1645,1869
2014,2024
1947,1733
1476,1193
940,683
558,518
592,783
1026,1320
1585,1833
1977,2049
1983,1793
1585,1266
1026,730
609,498
583,721
948,1236
1522,1774
1931,2010
1998,1834
1642,1326
1086,804
630,500
552,676
890,1187
1494,1722
1914,1995
1991,1885
1706,1411
1156,858
664,550
542,622
831,1089
1376,1625
1885,1997
2024,1935
1755,1470
1215,932
685,556
530,603
765,991
1313,1616
1843,1977
2034,1952
1802,1543
1301,959
751,602
495,583
757,979
1252,1550
1783,1958
2046,1970
1880,1608
1343,1011
794,573
526,544
696,920
1171,1469
1736,1931
2025,1997
1889,1659
1440,1107
878,637
556,530
644,860
1120,1372
1653,1893
1973,2015
1940,1721
1499,1182
891,669
550,519
612,793
1032,1331
1586,1828
1977,2064
1968,1768
1541,1237
989,730
598,517
579,705
952,1270
1532,1785
1968,2018
2027,1819
1605,1301
1066,777
608,517
560,677
910,1191
1483,1736
1922,2014
2040,1892
1659,1363
1121,820
644,524
527,624
844,1125
1395,1678
1901,2011
2049,1914
1736,1461
1200,884
722,548
530,611
796,1063
1343,1630
1870,1984
2059,1949
1801,1526
1244,934
757,581
520,592
743,1034
1260,1555
1775,1971
2039,1991
1834,1580
1329,1011
789,600
530,531
687,942
1213,1502
1741,1932
2053,1991
1894,1678
1427,1089
818,622
595,514
657,848
1113,1422
1675,1879
2018,2001
1910,1691
1460,1160
897,669
560,513
605,790
1037,1351
1627,1897
2005,2020
1962,1759
1561,1224
960,702
580,518
588,741
1047,1271
1546,1794
1962,2101
1988,1824
1550,1288
1037,778
611,517
563,701
926,1219
1480,1780
1924,2021
2001,1857
1669,1362
1113,817
651,521
563,669
870,1140
1406,1696
1910,2041
2040,1902
1735,1426
1169,853
667,526
531,612
813,1017
1418,1629
1851,1995
2026,1957
1786,1502
1238,921
724,545
526,586
766,1011
1303,1584
1815,1993
2040,1969
1837,1583
1323,997
760,581
531,584
701,932
1207,1505
1746,1939
2035,1988
1899,1620
1376,1054
810,607
557,544
614,873
1157,1455
1714,1910
2018,2012
1870,1686
1457,1139
900,663
557,544
686,816
1078,1370
1624,1876
1980,1948
1976,1729
1485,1188
947,691
531,514
635,761
999,1335
1587,1821
1988,2025
1978,1850
1599,1260
1013,746
601,518
565,724
945,1239
1515,1772
1950,2029
1944,1854
1653,1320
1075,778
626,518
556,700
875,1167
1437,1695
1885,2015
1988,1884
1705,1408
1177,854
670,549
531,624
826,1099
1392,1681
1861,1995
2071,1924
1763,1500
1233,907
703,555
555,577
770,1024
1294,1619
1822,1974
2049,1945
1775,1519
1275,967
766,592
531,568
713,933
1234,1538
1775,1953
2061,1990
1866,1595
1375,1044
818,599
543,545
691,894
1100,1457
1715,1919
2049,2009
1914,1634
1422,1089
852,635
548,531
654,830
1093,1383
1674,1892
2014,2006
1949,1724
1505,1154
987,697
596,519
600,804
1043,1336
1608,1836
1984,1995
1962,1785
1573,1215
991,720
594,491
583,734
936,1258
1526,1775
1966,2023
1999,1831
1632,1312
1065,773
630,513
516,675
920,1177
1467,1729
1930,2025
2018,1880
1729,1408
1151,837
648,518
479,661
839,1101
1390,1659
1877,2004
2025,1884
1737,1477
1196,851
704,534
514,605
770,1024
1327,1622
1844,1988
2055,1945
1806,1526
1276,965
742,570
522,577
732,957
1227,1557
1779,1950
2030,1995
1847,1597
1349,1024
807,516
536,543
716,911
1176,1464
1750,1928
2041,1999
1897,1655
1402,1114
848,637
539,546
653,855
1121,1426
1669,1886
1962,1975
1932,1720
1492,1147
909,622
543,518
601,778
1031,1328
1599,1817
2004,2018
1965,1782
1546,1232
987,709
583,516
580,752
995,1296
1551,1802
1962,2023
2010,1829
1623,1313
1056,769
601,503
557,700
924,1194
1456,1725
1925,2010
2022,1862
1668,1375
1126,819
635,530
539,648
863,1138
1412,1688
1889,2004
2020,1920
1744,1437
1171,868
689,530
534,609
804,1064
1335,1643
1884,1992
2055,1945
1783,1496
1240,922
721,575
524,587
743,1022
1340,1554
1820,1971
2033,1969
1845,1585
1325,983
721,588
530,560
700,929
1195,1494
1739,1932
2015,1979
1884,1633
1363,1057
836,606
531,544
643,859
1127,1424
1705,1893
2018,1998
1938,1689
1470,1147
878,658
557,530
615,831
1072,1374
1640,1869
1989,2055
1963,1756
1533,1232
948,676
576,578
592,740
1013,1287
1561,1789
1962,2028
1977,1811
1597,1266
1030,751
609,508
559,703
929,1220
1532,1785
1929,1999
2014,1891
1661,1362
1090,820
609,522
542,667
877,1128
1418,1699
1902,2010
2014,1881
1702,1400
1130,825
670,554
527,624
757,1100
1350,1649
1880,2002
2036,1918
1779,1492
1249,905
721,556
513,596
772,1017
1297,1587
1809,1958
2040,1953
1836,1564
1286,981
769,573
543,577
704,962
1231,1532
1735,1952
2030,1948
1866,1607
1393,1045
878,611
535,538
661,902
1159,1504
1710,1906
2020,2016
1893,1686
1452,1127
867,640
535,520
622,851
1076,1380
1648,1891
1988,2015
1921,1745
1508,1189
899,693
567,493
597,778
1011,1314
1604,1841
1992,2038
1975,1784
1567,1274
1011,790
583,511
566,752
945,1245
1527,1789
1944,2025
2001,1827
1622,1298
1069,781
626,521
556,684
868,1134
1454,1738
1926,2010
2024,1883
1695,1399
1152,822
652,531
530,636
832,1113
1373,1660
1867,2027
2018,1923
1767,1492
1204,894
721,545
527,598
765,1019
1300,1608
1814,2008
2027,1944
1809,1559
1285,959
739,576
524,525
737,998
1237,1550
1769,1978
2032,2003
1866,1595
1344,1050
803,595
524,544
664,904
1171,1443
1718,1915
2018,2007
1899,1656
1418,1115
865,632
539,527
606,828
1113,1411
1637,1891
2004,2026
1954,1724
1468,1168
922,675
558,518
609,804
1038,1336
1606,1838
1953,2028
1962,1756
1520,1223
987,714
600,510
581,726
974,1253
1534,1818
1965,2023
2003,1820
1625,1317
1057,772
635,516
542,693
909,1185
1463,1738
1923,2018
2052,1886
1689,1350
1104,812
641,523
542,652
844,1128
1400,1691
1888,2008
2014,1912
1731,1452
1210,881
698,539
555,593
797,1078
1338,1629
1858,1967
2025,1948
1824,1521
1283,949
739,566
526,562
739,991
1255,1562
1792,1960
2032,1999
1818,1582
1319,1069
783,598
529,555
713,908
1221,1478
1754,1936
2025,2029
1892,1643
1407,1089
864,618
528,539
649,866
1120,1430
1677,1918
2019,2009
1931,1699
1460,1139
897,657
565,518
609,805
1052,1349
1649,1862
1974,2006
1965,1753
1523,1193
975,699
599,514
597,755
1012,1283
1572,1826
1974,2024
1983,1826
1615,1284
1023,746
604,518
557,748
913,1215
1483,1766
1949,2031
1986,1850
1660,1352
1092,814
641,527
543,650
870,1149
1431,1691
1900,2029
2023,1896
1737,1427
1182,847
678,529
531,581
844,1063
1342,1636
1857,2019
2027,1909
1779,1481
1244,913
789,552
531,588
764,1000
1312,1592
1827,1978
2040,1966
1832,1560
1298,1000
778,571
523,543
705,933
1218,1517
1760,1953
2027,1982
1895,1612
1374,1035
817,613
519,544
662,872
1130,1442
1710,1912
2014,2010
1915,1673
1463,1120
888,654
572,530
617,829
1118,1382
1638,1893
2001,2018
1962,1749
1535,1182
930,674
565,515
566,840
1004,1297
1581,1810
1981,2023
1968,1789
1534,1271
1013,747
620,505
574,724
960,1242
1518,1770
1948,1999
2003,1860
1648,1279
1079,801
631,517
523,650
893,1168
1453,1716
1913,2012
2016,1879
1692,1387
1136,834
661,527
491,622
809,1109
1390,1657
1883,2008
2041,1924
1767,1500
1254,925
713,543
523,602
767,1015
1297,1573
1828,1978
2040,1957
1810,1531
1278,957
763,568
534,581
718,981
1217,1521
1780,1962
2033,1983
1873,1599
1327,997
832,620
542,551
661,924
1169,1467
1703,1909
2027,2013
1910,1667
1418,1103
864,622
539,521
639,819
1075,1387
1655,1868
2014,2019
1939,1719
1496,1180
927,680
571,517
596,782
1032,1334
1590,1836
1977,2038
1965,1789
1572,1268
992,711
597,517
583,718
935,1240
1539,1789
1957,1986
1988,1851
1602,1301
1056,778
626,505
555,680
893,1202
1477,1730
1929,2019
2017,1871
1666,1409
1144,830
661,532
531,646
818,1108
1403,1672
1883,2004
1972,1919
1717,1450
1196,881
680,544
526,609
779,1037
1312,1661
1840,1992
2023,1948
1801,1515
1273,971
739,566
529,570
750,985
1260,1545
1783,1951
2041,1971
1857,1597
1342,1001
791,585
530,544
678,913
1174,1477
1721,1945
2049,1995
1888,1651
1400,1090
857,627
540,553
654,885
1131,1425
1677,1841
2020,2003
1936,1714
1492,1167
870,660
557,517
635,767
1042,1336
1640,1849
1988,2023
1954,1695
1567,1220
974,714
591,518
589,738
945,1292
1561,1802
1959,2032
1988,1819
1619,1245
1050,753
584,505
567,708
929,1205
1477,1738
1963,2027
2017,1871
1665,1351
1103,779
649,524
540,661
854,1127
1416,1710
1893,2006
2022,1896
1724,1471
1182,858
686,543
536,633
807,1119
1345,1634
1861,1971
2040,1935
1783,1507
1232,919
722,550
528,609
744,996
1301,1549
1807,1974
2024,1971
1837,1560
1317,1007
779,602
530,556
698,943
1290,1510
1750,1933
2023,1995
1871,1619
1393,1090
818,596
536,529
665,881
1144,1387
1694,1915
2018,2001
1909,1724
1456,1127
887,648
557,501
602,808
1057,1365
1633,1866
1971,2014
1953,1748
1496,1200
972,710
566,516
596,778
1006,1297
1561,1824
1967,2025
2007,1904
1585,1245
987,736
598,520
526,698
931,1219
1504,1781
1928,2023
2002,1855
1662,1352
1073,825
653,518
557,689
887,1148
1422,1708
1906,2045
2012,1895
1728,1398
1156,853
675,528
537,654
804,1121
1374,1698
1801,2012
2028,1921
1758,1481
1242,907
706,531
526,590
786,1024
1465,1597
1822,1963
2040,1969
1810,1556
1307,959
770,570
531,541
678,954
1221,1533
1766,1945
2017,1986
1809,1622
1362,1053
822,539
524,577
674,895
1179,1481
1711,1923
2018,2008
1910,1686
1446,1120
792,637
531,528
651,834
1093,1395
1649,1877
2003,2010
1978,1716
1522,1179
934,701
596,518
526,791
1013,1309
1612,1847
1997,2012
1967,1789
1570,1236
1005,727
600,513
579,726
965,1249
1529,1750
1928,2020
2000,1836
1653,1300
1087,782
628,514
556,657
861,1156
1431,1725
1919,2012
2014,1886
1688,1399
1154,851
665,474
474,642
801,1128
1398,1671
1886,1973
2020,1917
1722,1461
1216,886
695,544
508,598
778,1038
1334,1686
1835,1977
2023,1947
1771,1516
1270,971
746,578
534,571
713,949
1268,1567
1789,1961
2011,1997
1858,1590
1344,1036
805,658
526,561
683,903
1182,1474
1738,1934
2014,1999
1903,1643
1411,1063
848,629
542,543
635,838
1100,1395
1683,1895
2002,2076
1934,1727
1489,1166
944,676
570,518
616,802
1039,1331
1610,1858
1994,2023
1966,1775
1550,1220
957,709
575,573
529,747
1000,1276
1546,1789
1966,2046
1978,1815
1607,1304
1020,757
626,512
571,705
937,1203
1483,1759
1938,2023
2010,1857
1689,1374
1119,804
647,509
550,648
848,1128
1423,1714
1900,2021
2031,1921
1728,1432
1173,887
677,542
521,600
791,1048
1368,1634
1856,1995
2031,1939
1788,1539
1273,949
739,563
543,582
751,991
1270,1557
1811,1957
2033,1968
1834,1576
1314,971
783,598
534,556
699,919
1197,1477
1719,1941
2027,1995
1888,1648
1415,1130
831,609
543,544
666,868
1144,1447
1675,1904
2002,2002
1936,1714
1458,1143
897,660
557,496
628,800
1064,1365
1635,1849
2001,1986
1945,1751
1535,1208
955,705
576,513
591,767
1007,1298
1571,1820
1968,2003
1986,1819
1601,1294
1052,740
563,504
574,708
912,1223
1495,1736
1942,2011
2039,1856
1655,1345
1096,796
636,520
539,622
878,1143
1444,1706
1909,2010
2003,1902
1725,1430
1161,868
679,546
531,628
804,1086
1353,1707
1853,1995
2031,1915
1766,1502
1222,891
727,568
511,594
764,999
1299,1600
1831,1989
2026,1962
1825,1558
1301,980
757,586
540,592
717,959
1232,1518
1775,1949
2040,1999
1862,1699
1360,1035
813,626
541,529
672,899
1153,1450
1700,1930
2016,2008
1902,1670
1441,1089
857,648
556,544
644,831
1109,1377
1652,1873
2006,1997
1953,1732
1520,1201
937,679
574,533
586,770
1013,1304
1599,1820
1974,2024
1957,1781
1574,1237
1005,741
599,517
571,713
919,1267
1537,1781
1949,2027
1989,1841
1657,1366
1090,789
631,518
581,678
883,1168
1442,1737
1911,2024
2040,1899
1688,1400
1134,838
663,552
531,522
810,1080
1361,1660
1875,2003
2027,1924
1754,1483
1238,926
714,555
531,611
765,1052
1312,1586
1832,1978
2018,1944
1824,1545
1249,930
750,577
523,640
735,977
1234,1530
1773,1959
2033,1987
1856,1600
1352,1037
808,606
534,516
673,920
1157,1478
1728,1935
2044,1997
1908,1686
1439,1117
865,633
556,532
636,847
1098,1400
1662,1894
2030,2024
1931,1712
1487,1145
922,660
575,513
595,773
1026,1314
1603,1831
1990,2023
1971,1766
1568,1253
1022,731
587,493
589,734
960,1282
1528,1764
1950,2016
1993,1828
1623,1297
1078,778
621,513
535,684
932,1181
1468,1772
1936,2021
2006,1892
1697,1376
1128,822
650,594
542,643
855,1133
1414,1680
1903,2012
2027,1911
1754,1438
1180,867
684,538
523,637
791,1054
1322,1620
1841,1986
2061,1930
1799,1524
1296,951
739,585
518,572
734,1027
1275,1562
1777,1971
2030,1973
1848,1552
1348,1018
807,596
528,542
688,920
1179,1482
1733,1928
2012,2007
1908,1634
1399,1085
870,619
535,526
648,854
1127,1433
1679,1899
2014,2010
1911,1692
1479,1142
894,671
565,526
623,801
1052,1327
1614,1904
1988,2045
1976,1735
1526,1218
970,713
574,516
578,746
974,1257
1581,1815
1975,2033
1983,1807
1603,1307
1026,762
609,510
583,714
932,1232
1519,1759
1934,2024
2066,1862
1662,1336
1086,806
644,518
539,661
848,1105
1443,1675
1892,2005
2018,1905
1714,1425
1160,864
685,537
514,611
809,1078
1363,1651
1846,1996
2036,1944
1784,1510
1283,908
717,584
527,588
754,1011
1282,1573
1805,1941
2036,1963
1810,1564
1306,1001
796,589
516,544
700,923
1207,1513
1753,1945
2028,1998
1882,1634
1390,1065
826,629
532,483
620,879
1135,1438
1692,1899
2018,2014
1932,1669
1442,1090
874,634
558,518
640,812
1070,1374
1658,1819
2019,2021
1953,1734
1516,1171
948,681
566,517
601,777
1020,1311
1573,1826
1983,2025
1983,1798
1601,1226
1009,734
599,516
561,710
935,1200
1494,1764
1966,2048
2003,1843
1649,1327
1070,795
635,518
513,657
879,1172
1445,1721
1945,2012
2018,1886
1722,1426
1161,844
661,516
529,630
822,1088
1364,1686
1870,1996
2023,1930
1756,1459
1212,911
712,562
526,598
760,991
1310,1603
1835,1978
2040,1964
1832,1558
1304,997
809,570
526,570
722,932
1216,1523
1762,1941
2010,1971
1861,1612
1370,1011
822,602
531,544
670,856
1158,1451
1736,1917
2020,1998
1921,1707
1529,1114
870,639
556,537
640,838
1090,1378
1669,1843
2002,2023
1975,1738
1505,1167
896,680
570,513
618,778
1022,1338
1561,1820
1988,2024
1967,1786
1570,1310
1001,729
613,516
570,740
974,1263
1520,1780
1956,2023
2001,1843
1637,1348
1087,762
621,518
568,683
892,1185
1479,1726
1915,2021
2009,1877
1719,1378
1136,851
682,539
531,650
825,1111
1396,1678
1901,1997
2023,1933
1780,1464
1202,883
713,570
505,603
787,1038
1343,1613
1821,1971
2036,1905
1788,1505
1247,945
740,555
527,570
731,985
1240,1567
1792,1948
2023,1966
1832,1647
1340,1022
768,598
527,545
696,903
1183,1509
1731,1924
2029,2002
1906,1695
1404,1028
874,633
542,530
643,853
1105,1422
1718,1888
2014,2009
1937,1702
1468,1165
920,685
571,575
609,800
965,1330
1610,1909
1978,2026
1962,1751
1550,1232
958,708
578,514
586,747
978,1294
1545,1784
1957,2034
1984,1801
1612,1297
1048,751
625,491
553,713
901,1207
1479,1750
1937,2042
2014,1867
1695,1375
1122,804
637,518
542,641
861,1110
1407,1671
1879,2005
2027,1898
1734,1451
1212,868
687,544
526,620
796,1108
1405,1646
1856,2008
2040,1942
1780,1539
1259,934
734,534
530,567
727,998
1294,1562
1808,1966
2025,1965
1845,1581
1290,997
770,553
474,553
700,934
1189,1468
1730,1973
2028,1986
1873,1627
1389,1063
830,613
535,488
672,885
1145,1438
1695,1906
2015,2038
1911,1701
1474,1141
905,648
557,519
621,778
1064,1395
1639,1860
1999,2029
1947,1741
1531,1203
957,701
592,515
587,747
968,1331
1573,1833
1965,2038
1967,1806
1585,1266
1070,730
584,511
581,716
935,1184
1508,1762
1940,2020
1984,1839
1661,1333
1074,794
623,519
541,667
843,1142
1427,1721
1917,2015
2015,1889
1705,1419
1157,850
674,532
519,636
822,1104
1354,1647
1861,1990
2018,1928
1835,1491
1235,903
719,538
524,601
763,1012
1279,1588
1766,1975
1992,1962
1819,1538
1318,1006
758,600
530,570
700,961
1232,1532
1791,1944
2035,1988
1874,1629
1387,1063
835,611
542,523
669,880
1157,1451
1695,1909
1996,2000
1911,1696
1451,1125
885,626
552,535
627,819
1043,1387
1652,1868
2003,2019
1957,1743
1516,1187
944,662
567,524
613,776
1004,1271
1555,1832
2001,2018
1978,1755
1558,1247
984,740
595,505
558,728
947,1236
1524,1788
1954,2003
1997,1834
1638,1331
1083,785
628,511
539,696
878,1166
1466,1701
1897,2024
2022,1882
1686,1439
1142,835
651,534
478,645
829,1078
1390,1615
1875,2008
2017,1911
1728,1468
1253,874
713,547
479,585
800,1041
1335,1608
1832,1961
2049,1955
1806,1543
1293,959
748,568
531,572
739,958
1269,1544
1757,1936
2031,1960
1870,1589
1340,1012
777,601
522,546
674,898
1196,1489
1711,1912
2016,1939
1886,1678
1419,1093
870,624
538,533
645,855
1111,1412
1666,1878
2004,2016
1944,1700
1457,1138
913,687
561,522
605,791
1072,1322
1629,1841
2010,2023
1965,1766
1529,1233
996,724
639,532
585,753
973,1268
1546,1815
1958,2024
2042,1834
1631,1307
1048,753
648,463
553,686
904,1197
1457,1731
1931,1945
2014,1867
1683,1374
1125,825
661,531
539,634
848,1131
1411,1691
1901,2009
2026,1911
1742,1460
1209,881
687,542
530,613
774,1052
1325,1635
1825,1990
2036,1946
1802,1516
1270,950
752,567
530,582
726,964
1281,1580
1808,1963
2036,1978
1840,1578
1329,1018
799,605
531,639
713,945
1194,1490
1743,1935
2023,1988
1905,1633
1398,1033
859,624
553,526
640,855
1114,1409
1684,1897
2043,2019
1932,1703
1494,1136
900,571
567,533
672,822
1063,1354
1595,1846
1993,1997
1966,1746
1546,1232
949,686
582,498
588,749
987,1258
1550,1814
1971,2019
1988,1806
1607,1286
1037,763
615,506
537,702
913,1217
1494,1753
1945,2016
2011,1852
1664,1346
1126,792
635,505
533,663
896,1134
1430,1693
1906,1999
2014,1893
1702,1411
1162,853
687,530
523,624
802,1082
1366,1603
1819,1994
2024,1932
1812,1508
1251,934
745,513
528,596
786,1011
1270,1573
1817,1971
2012,1957
1820,1543
1287,976
751,591
530,567
705,921
1226,1515
1780,1947
2027,2001
1884,1628
1386,1050
839,608
537,623
705,884
1148,1447
1702,1885
2014,2021
1922,1700
1442,1184
878,627
548,509
624,817
1048,1370
1634,1866
2005,2016
1953,1746
1519,1203
910,702
583,510
600,776
1012,1310
1591,1818
1989,2008
1987,1793
1589,1273
947,728
593,509
565,714
936,1239
1512,1758
1953,2021
1973,1836
1630,1320
1090,795
617,536
543,681
888,1189
1462,1734
1923,2014
2017,1869
1697,1404
1135,854
657,513
516,633
818,1113
1385,1657
1871,1995
1992,1926
1748,1460
1208,890
735,545
558,598
770,988
1284,1584
1856,1992
2037,1960
1830,1532
1287,960
761,581
531,612
722,959
1260,1531
1771,1958
2006,1977
1871,1655
1339,1033
826,607
530,542
675,882
1184,1452
1702,1899
2014,1997
1906,1660
1469,1116
883,630
540,518
635,855
1088,1426
1666,1892
2014,2015
1948,1721
1480,1174
909,670
557,522
609,783
1048,1333
1598,1841
1984,2039
1960,1766
1539,1240
995,793
647,513
581,726
973,1271
1533,1787
1944,2023
1987,1837
1623,1309
1059,794
609,515
555,691
896,1192
1468,1738
1923,2019
2014,1879
1657,1361
1117,816
648,522
543,644
844,1121
1392,1701
1897,2008
2056,1879
1727,1458
1203,881
687,583
527,596
794,1054
1355,1619
1840,1984
2039,1893
1805,1530
1251,941
739,544
525,573
726,931
1243,1535
1763,1964
2001,1971
1844,1584
1344,1041
769,511
524,547
674,942
1179,1490
1740,1927
2016,2009
1888,1652
1427,1104
823,638
506,532
651,857
1096,1437
1687,1894
2010,2005
1914,1687
1444,1152
896,654
542,533
622,817
1041,1364
1652,1843
2009,2019
1954,1766
1544,1232
983,712
576,502
585,758
999,1271
1561,1800
1962,2023
2014,1794
1650,1281
1028,756
588,513
557,698
893,1197
1480,1753
1944,2023
2020,1866
1667,1370
1105,819
652,508
543,674
857,1125
1416,1683
1907,2002
2004,1913
1759,1438
1164,864
674,529
526,617
770,1076
1344,1651
1858,1988
2017,1928
1773,1504
1230,928
735,575
531,588
766,1015
1294,1584
1815,2021
2002,1959
1829,1575
1326,978
769,570
526,569
695,916
1142,1518
1754,1939
2029,1989
1871,1685
1365,1059
830,599
535,534
695,861
1156,1452
1712,1906
2039,2023
1883,1693
1457,1143
900,655
557,514
674,815
1082,1365
1635,1867
1998,2021
2033,1723
1507,1189
968,711
583,523
596,757
1000,1285
1589,1893
1980,2011
1983,1811
1591,1276
1031,741
608,525
570,712
922,1219
1515,1772
1936,2025
2012,1858
1662,1335
1078,794
637,518
554,665
873,1101
1435,1712
1935,2041
2014,1896
1705,1412
1156,855
670,516
531,624
849,1102
1387,1654
1888,1951
2007,1906
1763,1486
1235,897
704,552
543,609
719,1026
1326,1596
1810,1999
2016,1959
1817,1523
1296,983
765,602
523,566
667,948
1234,1543
1771,1946
2028,1985
1867,1616
1365,1049
761,604
505,568
670,896
1160,1452
1705,1912
2040,1961
1916,1662
1438,1108
867,626
557,521
635,828
1088,1374
1663,1871
2009,2009
1929,1728
1511,1185
896,697
536,514
611,748
1022,1312
1568,1830
1981,2010
1984,1789
1572,1232
997,688
578,530
569,728
948,1248
1505,1779
1957,2023
1999,1827
1619,1314
1062,779
625,518
578,691
896,1187
1470,1727
1892,2017
1985,1882
1717,1403
1156,819
665,521
528,640
819,1111
1416,1678
1889,2005
2020,1906
1737,1458
1195,881
702,532
527,560
765,1032
1287,1614
1836,1985
2053,1949
1806,1541
1275,959
751,580
531,576
716,984
1260,1541
1792,1955
2040,1969
1844,1566
1333,1022
796,595
539,551
665,900
1173,1465
1770,1867
2026,1995
1896,1660
1426,1100
832,639
550,519
639,855
1135,1419
1658,1879
2000,2025
1939,1740
1472,1155
911,665
560,525
624,780
1046,1322
1620,1844
1998,2023
1967,1774
1546,1261
998,727
583,517
578,753
992,1258
1629,1798
1968,2053
1984,1826
1622,1301
1061,735
610,517
558,698
895,1193
1470,1764
1908,2021
2000,1860
1674,1374
1118,814
647,526
550,658
843,1127
1416,1696
1901,2009
2017,1904
1792,1443
1197,913
765,507
516,613
791,1065
1320,1621
1856,1985
2029,1916
1775,1528
1252,919
724,566
524,570
739,984
1235,1567
1784,1969
2029,1977
1853,1565
1324,959
790,591
522,572
739,934
1221,1509
1743,1942
2033,1987
1876,1617
1374,1046
833,611
539,518
651,872
1130,1429
1688,1931
1992,2005
1906,1688
1451,1135
897,671
558,521
613,830
1078,1399
1626,1864
1989,2021
1958,1743
1531,1215
932,698
566,494
601,761
1002,1285
1559,1802
1953,2025
1999,1801
1590,1279
1050,757
608,517
565,680
892,1229
1526,1769
1937,2014
2001,1858
1688,1335
1090,811
722,503
543,671
878,1114
1425,1714
1908,2012
2031,1905
1705,1422
1156,855
698,522
531,618
783,1064
1338,1661
1867,1996
2031,1937
1776,1505
1242,928
722,572
517,585
768,1016
1290,1581
1814,1974
2036,1975
1833,1563
1284,965
765,568
517,563
676,936
1217,1513
1756,1969
2028,1984
1913,1608
1365,1011
819,616
505,538
661,874
1154,1472
1703,1905
2016,1990
1909,1675
1459,1130
861,645
526,417
632,830
1065,1382
1650,1858
1989,2043
1954,1737
1507,1185
948,697
568,532
591,834
1013,1326
1610,1829
2026,2028
1962,1794
1588,1271
1016,744
591,519
586,705
948,1262
1488,1768
1969,2028
1993,1845
1624,1314
1072,783
633,504
567,709
890,1167
1448,1738
1919,2038
2005,1875
1695,1408
1151,838
662,542
578,638
848,1117
1410,1577
1888,2005
2023,1919
1757,1439
1195,890
726,543
537,598
765,1065
1282,1608
1819,1982
2042,1948
1749,1545
1273,961
737,568
532,575
739,978
1249,1561
1779,1965
2036,1976
1857,1605
1368,1033
778,613
528,546
678,908
1169,1477
1721,1879
2004,1993
1888,1637
1416,1155
866,634
534,524
663,778
1113,1378
1598,1893
1996,2011
1946,1721
1520,1179
935,629
560,485
602,791
1035,1327
1590,1837
1986,2028
1951,1772
1566,1232
990,718
589,514
582,729
978,1245
1537,1786
1983,2026
1994,1829
1636,1322
1051,776
628,514
570,684
909,1202
1483,1713
1913,2016
2039,1888
1706,1357
1109,812
621,538
537,656
848,1132
1402,1686
1884,2008
2025,1948
1744,1454
1190,879
687,543
529,607
792,1045
1338,1572
1853,1993
2021,1939
1798,1509
1273,925
731,545
505,575
794,984
1242,1558
1790,1990
2056,1956
1810,1573
1326,1028
791,596
530,532
665,869
1191,1482
1756,1931
2027,2002
1898,1648
1408,1089
846,620
539,533
635,847
1121,1418
1676,1902
2014,2021
1921,1667
1450,1147
883,668
557,517
612,779
1067,1344
1643,1867
1983,2025
1962,1732
1528,1206
972,707
563,497
591,752
1000,1285
1572,1815
1962,2024
1988,1815
1614,1270
1015,735
578,518
583,723
933,1216
1486,1753
1944,2023
2012,1842
1651,1364
1104,805
643,521
543,650
871,1150
1400,1702
1914,2011
2017,1901
1729,1451
1130,861
683,528
536,581
822,1076
1356,1646
1848,2012
2028,1896
1754,1490
1241,908
739,549
527,589
742,985
1295,1604
1805,1970
2030,1972
1853,1580
1316,1033
783,582
534,576
705,933
1226,1497
1754,1986
2017,1995
1831,1622
1376,1056
837,610
532,537
674,885
1147,1444
1728,1914
2017,2008
1918,1682
1430,1141
894,649
530,531
609,831
1108,1375
1649,1867
2000,2038
1943,1748
1535,1193
945,700
563,519
596,804
957,1285
1561,1811
1979,2023
1997,1793
1583,1273
1026,736
589,514
571,731
957,1241
1514,1777
1949,2010
2002,1846
1654,1339
1100,786
619,505
555,675
870,1164
1440,1704
1908,2012
2040,1888
1700,1414
1157,856
667,537
531,650
825,1115
1390,1648
1869,2001
2061,1937
1770,1452
1208,902
713,539
526,603
758,1027
1308,1601
1831,1976
2036,1961
1806,1498
1267,958
744,589
600,572
719,945
1227,1532
1809,1959
2040,1997
1853,1556
1359,1029
806,606
514,544
693,924
1178,1478
1726,1944
2023,2030
1914,1680
1421,1091
853,664
543,530
639,840
1093,1399
1650,1885
2019,2006
1936,1710
1487,1171
931,684
580,511
596,776
1039,1271
1612,1834
1975,2028
1973,1789
1576,1258
959,709
581,516
570,726
960,1247
1527,1768
1951,2063
2016,1899
1653,1309
1065,749
626,529
558,670
883,1197
1468,1736
1928,2018
2025,1881
1689,1460
1155,832
623,508
533,644
841,1121
1389,1680
1901,1997
2027,1919
1728,1451
1156,893
687,534
553,607
779,1048
1296,1629
1842,1970
2031,1941
1780,1536
1267,959
732,571
529,585
750,986
1256,1541
1783,1957
2030,1979
1859,1597
1329,1013
813,600
519,547
680,909
1208,1478
1724,1945
2028,1996
1884,1648
1409,1091
855,626
536,530
635,867
1118,1400
1680,1891
2012,1988
1936,1721
1468,1144
893,634
543,521
615,796
1082,1341
1606,1844
1988,2018
1953,1764
1544,1245
979,690
584,509
586,752
973,1284
1568,1816
1973,2027
2000,1815
1610,1243
1048,750
624,511
570,730
922,1205
1483,1753
1936,2023
2013,1830
1669,1349
1117,796
637,522
536,652
852,1122
1421,1701
1903,2004
2028,1908
1735,1448
1176,874
680,531
533,624
828,1057
1357,1636
1854,1976
2032,1946
1766,1513
1240,919
741,545
524,597
748,997
1278,1558
1799,2003
2039,1957
1831,1573
1327,1009
765,596
529,553
709,1014
1199,1511
1762,1961
1966,1991
1883,1639
1392,1077
834,570
521,540
659,872
1130,1432
1697,1902
2014,2012
1918,1699
1443,1132
897,671
557,516
612,804
1103,1359
1635,1866
1996,1972
1940,1753
1531,1206
953,684
565,516
600,754
989,1294
1577,1827
1975,2034
1975,1794
1594,1241
1017,736
596,568
568,717
939,1219
1494,1792
1941,2035
1996,1857
1651,1348
1048,804
635,520
556,674
880,1181
1441,1708
1932,2018
2014,1900
1716,1402
1156,847
670,537
517,637
812,1101
1364,1642
1853,2008
2028,1917
1761,1497
1234,920
726,556
528,587
762,1027
1288,1597
1820,1970
2036,1961
1831,1545
1312,997
757,575
534,570
710,951
1216,1519
1763,1934
2006,1982
1929,1610
1361,1030
820,608
534,538
659,881
1178,1480
1725,1919
2023,2004
1898,1678
1447,1224
905,633
635,529
638,831
1104,1409
1649,1878
1992,2021
1949,1695
1500,1181
926,676
555,505
592,782
987,1305
1589,1831
1979,2034
1975,1768
1570,1237
1026,741
591,513
570,722
948,1271
1528,1774
1944,2023
1997,1845
1648,1299
1057,761
623,491
570,686
896,1219
1456,1724
1902,2018
1988,1882
1696,1395
1144,842
672,529
526,634
870,1114
1395,1691
1884,2010
1895,1938
1766,1489
1233,886
691,549
552,602
770,1001
1313,1595
1849,1979
2040,1950
1765,1542
1280,967
757,573
523,561
716,959
1259,1556
1791,1986
2033,1985
1839,1602
1352,1031
812,519
500,556
689,907
1178,1477
1721,1937
2022,2003
1909,1644
1411,1089
868,624
543,527
647,847
1094,1396
1674,1893
2010,2017
1944,1725
1505,1194
919,668
558,521
620,787
1049,1335
1638,1837
2050,2029
1971,1776
1576,1228
948,718
589,517
520,730
960,1268
1547,1778
1962,2025
2055,1831
1641,1323
1100,767
624,521
555,697
907,1184
1488,1738
1924,2024
1988,1829
1677,1349
1126,808
648,518
550,607
881,1138
1409,1691
1884,2015
2010,1898
1726,1438
1182,877
687,518
526,611
766,1065
1349,1637
1869,1988
2033,1952
1798,1508
1269,956
764,590
531,583
747,987
1260,1556
1796,1964
2040,1971
1850,1573
1326,971
778,597
479,551
704,920
1180,1465
1724,1997
2039,1971
1915,1634
1421,1074
855,628
540,542
650,868
1130,1387
1708,1894
2036,2005
1928,1711
1455,1125
931,665
552,554
613,838
1057,1344
1581,1824
1992,2071
1951,1759
1542,1219
984,704
584,492
578,759
986,1297
1554,1795
1968,2066
1988,1819
1616,1296
1026,752
635,496
569,700
935,1188
1493,1753
1940,2015
2006,1853
1658,1344
1074,804
643,522
543,671
869,1135
1433,1717
1905,2011
2018,1908
1721,1428
1160,883
696,534
557,627
813,1074
1348,1635
1851,2014
2014,1951
1757,1504
1241,907
731,544
529,575
765,997
1283,1599
1789,1971
2033,1959
1820,1552
1308,992
781,583
520,584
717,941
1222,1514
1754,1940
2017,2012
1884,1632
1375,1044
844,611
536,543
609,872
1117,1438
1696,1912
2031,1982
1913,1685
1451,1120
860,652
548,519
630,847
1099,1394
1680,1876
2001,2022
1947,1695
1519,1204
821,672
557,518
602,783
1036,1314
1588,1828
1970,2016
1962,1789
1572,1258
1009,733
598,536
597,710
933,1219
1524,1774
1948,2021
2019,1844
1653,1335
1084,793
619,518
552,670
872,1170
1448,1746
1888,2003
2006,1867
1692,1382
1169,832
660,530
567,620
818,1115
1364,1678
1883,2002
2025,1953
1762,1474
1209,907
718,546
526,605
780,1037
1311,1582
1836,1978
2030,1966
1818,1556
1296,959
766,579
526,553
717,950
1222,1525
1767,1954
2027,1974
1818,1618
1373,1039
835,601
535,547
677,900
1148,1485
1721,1918
2010,2023
1905,1663
1409,1120
857,628
553,535
720,842
1096,1396
1646,1879
1997,2020
1937,1712
1485,1171
922,675
583,517
604,842
1012,1324
1601,1844
1988,2028
1973,1792
1572,1249
999,730
583,508
583,729
950,1264
1533,1796
1952,2014
1993,1815
1630,1299
1038,789
615,518
557,692
896,1183
1447,1751
1921,2019
1988,1865
1691,1387
1143,830
661,527
542,649
822,1117
1404,1680
1857,1958
2042,1940
1741,1458
1191,885
695,555
526,596
770,1049
1322,1601
1845,1997
2052,1944
1791,1511
1282,952
746,552
516,572
774,999
1270,1571
1816,1959
2038,1971
1835,1593
1340,1004
762,585
532,563
695,881
1168,1487
1733,1930
2026,1923
1902,1647
1390,1087
855,615
535,539
653,847
1129,1438
1685,1897
2010,2017
1929,1701
1496,1163
913,689
559,518
612,806
985,1341
1614,1853
1988,2016
1968,1764
1531,1217
970,698
578,517
594,744
974,1265
1570,1830
1970,2018
1986,1811
1619,1297
1048,778
613,514
573,712
881,1223
1473,1747
1916,2014
2003,1867
1684,1351
1104,842
646,520
557,656
854,1140
1416,1674
1927,2010
2017,1940
1722,1440
1179,871
685,543
530,622
818,1083
1363,1649
1858,2001
2043,1943
1780,1509
1239,912
752,554
531,590
752,1005
1276,1569
1773,1905
2033,1948
1822,1569
1310,997
794,593
530,520
700,926
1213,1517
1756,1950
2051,1997
1895,1622
1399,1052
848,609
511,596
661,883
1158,1448
1696,1906
1994,2019
1924,1671
1448,1135
891,643
552,522
599,812
1065,1348
1641,1865
2002,2034
1960,1749
1494,1216
953,675
578,530
611,774
1009,1297
1570,1818
2027,2022
1976,1800
1566,1249
1009,757
596,517
588,727
944,1218
1482,1756
1966,2005
1996,1846
1675,1335
1083,775
637,591
541,683
872,1177
1463,1720
1910,2021
2031,1891
1680,1417
1159,820
665,527
550,637
818,1090
1371,1708
1867,2020
2028,1914
1754,1466
1216,870
713,544
524,595
770,1015
1307,1600
1831,1972
2040,1961
1824,1543
1309,985
762,565
530,545
709,967
1230,1523
1763,1944
2017,1988
1855,1619
1291,1035
829,617
533,550
669,885
1156,1448
1719,1925
2037,2003
1927,1644
1470,1112
871,645
559,535
648,804
1083,1393
1654,1864
2009,2028
1957,1737
1486,1151
929,553
589,505
602,799
1018,1305
1571,1829
1973,2023
1970,1777
1541,1244
1002,754
602,512
565,740
976,1262
1541,1787
1955,2021
2002,1841
1635,1331
1086,775
643,513
555,680
917,1176
1454,1729
1939,2023
2014,1871
1677,1405
1131,830
661,518
531,631
820,1123
1414,1689
1886,2002
2001,1917
1754,1469
1217,895
714,524
530,603
789,1030
1316,1597
1853,1975
2028,1953
1802,1528
1247,958
752,574
531,576
722,960
1215,1556
1779,1948
2026,1980
1847,1592
1351,1023
792,596
530,551
708,912
1187,1479
1731,1934
2028,2006
1921,1660
1406,1049
843,642
539,531
644,858
1118,1408
1660,1905
1981,2011
1936,1716
1487,1162
913,661
557,498
621,804
1052,1336
1588,1844
1986,2028
1987,1761
1558,1234
971,705
587,513
583,748
972,1266
1544,1789
1940,2037
1988,1815
1635,1301
1048,752
644,510
557,707
898,1185
1480,1751
1940,2006
2006,1867
1702,1362
1126,821
638,518
537,690
836,1130
1405,1649
1899,2002
2027,1918
1729,1437
1182,877
686,524
524,609
774,1056
1334,1630
1857,1984
2038,1934
1791,1491
1259,941
755,556
528,587
751,1031
1307,1565
1801,1971
2032,1947
1857,1574
1274,947
783,581
514,553
708,935
1213,1510
1740,1954
2040,1986
1860,1634
1390,1071
835,629
521,494
665,908
1145,1448
1696,1870
1996,2008
1864,1700
1454,1141
878,650
557,519
644,813
1065,1393
1633,1857
1996,2018
1947,1764
1524,1198
952,684
590,493
597,727
986,1297
1568,1821
1973,2024
1962,1764
1584,1284
1028,759
600,529
570,707
918,1219
1534,1767
1948,2021
2022,1842
1643,1345
1089,804
639,553
539,680
883,1155
1451,1724
1921,2022
2014,1896
1708,1421
1117,851
672,534
474,622
828,1098
1370,1662
1873,1999
2028,1949
1773,1465
1213,903
713,522
518,596
761,1024
1295,1581
1814,1974
2036,1959
1788,1478
1299,1005
770,590
531,563
748,959
1234,1532
1779,1965
2030,2018
1848,1613
1387,1059
810,605
531,573
669,890
1169,1438
1697,1906
2038,1999
1916,1654
1436,1120
878,625
557,518
609,825
1078,1404
1648,1876
2007,2016
1900,1737
1514,1198
948,700
586,508
620,787
1026,1301
1559,1854
1982,2017
1981,1787
1572,1261
1008,739
606,522
574,714
942,1243
1528,1781
1957,2000
1992,1853
1645,1172
1068,778
609,512
576,669
913,1185
1466,1734
1914,2021
2018,1895
1665,1379
1121,822
661,498
557,637
805,1108
1384,1657
1891,2090
2028,1922
1754,1470
1215,910
706,551
497,599
735,1036
1324,1609
1838,1956
2031,1944
1780,1535
1286,950
748,569
533,572
726,967
1229,1504
1766,1945
2025,1979
1857,1590
1327,1037
804,600
517,546
669,870
1195,1484
1711,1919
2017,1999
1911,1661
1436,1117
865,623
565,517
635,842
1104,1404
1651,1898
2014,2034
1940,1704
1479,1153
924,675
555,513
609,787
987,1328
1631,1854
1988,2012
1965,1768
1579,1237
993,711
583,505
532,762
981,1262
1544,1787
1949,2025
1992,1831
1628,1297
1044,753
606,526
607,688
880,1181
1461,1704
1931,2009
2002,1865
1676,1369
1105,821
649,519
503,636
871,1129
1415,1681
1870,1995
2032,1943
1721,1463
1205,876
686,556
557,607
790,1050
1332,1626
1848,1991
2040,1923
1790,1516
1253,948
739,569
536,588
734,984
1270,1563
1801,1959
2031,1971
1844,1556
1335,1024
804,587
521,522
700,921
1189,1573
1728,1926
2040,1999
1875,1626
1392,1072
843,630
524,527
661,863
1119,1422
1711,1912
2000,2010
1831,1695
1456,1146
906,677
561,533
628,816
1071,1387
1642,1860
2001,2016
1954,1869
1550,1200
949,698
567,470
586,780
988,1275
1547,1839
1965,2016
1975,1799
1586,1297
1063,762
605,515
561,699
934,1218
1494,1766
1947,2010
2010,1861
1667,1379
1132,802
647,538
540,660
858,1155
1414,1636
1883,2012
2014,1901
1729,1432
1178,885
688,571
531,611
796,1079
1352,1648
1855,1999
2041,1943
1780,1489
1235,943
726,507
496,617
757,1014
1288,1582
1812,1989
2037,1971
